#objID z mass rpetro ra dec res mrs sens_10kms year muid proj name
587726033335550094 0.251876 11.6911 2.91803 210.25863088 2.87846855 1.3334559134931347 10.534627567517386 1.50008609225244 2011 uid://A002/X327408/X22f uid://A002/X3b3400/X64c 2011.0.00374.S Abell 1835
587741490891325518 0.065923 10.9641 4.65495 126.56889413 17.36243629 1.80288381863326 21.589244476445604 0.9141816413411978 2018 uid://A001/X133d/Xe83 uid://A002/Xd74c3f/X24ad 2018.1.00541.S 587741490891325518_8241-3704
587722984441250023 0.069836 10.2037 1.43384 218.4033167 0.84523843 1.0556148536378445 14.28618312165724 1.4222926650912988 2017 uid://A001/X1284/X1534 uid://A002/Xca795f/X25d1 2017.1.00025.S HATLAS_J143336.7+005042
588015508213989555 0.045791 10.4951 6.22722 42.03277806 -0.75229963 1.5997460372892116 19.448788874296657 0.5128670434786783 2018 uid://A001/X133d/Xe93 uid://A002/Xd77a17/X1f36 2018.1.00541.S 588015508213989555_8077-6104
587741421099155681 0.028862 9.77883 4.86483 126.46116245 18.16669719 1.7352931902758642 20.697748840910652 0.5422297777989571 2018 uid://A001/X133d/Xe7f uid://A002/Xd74c3f/X273f 2018.1.00541.S 587741421099155681_8241-3703
587727221396013696 0.043026 10.2544 3.56806 319.27145783 9.97231023 2.5673266590530566 25.287488657365774 0.5999375421492316 2018 uid://A001/X133d/Xf4d uid://A002/Xd95b2f/X44cc 2018.1.00558.S 8618-9102
587742903401119752 0.020648 9.48084 1.12863 192.06345664 17.77401277 1.0970119948459602 15.10063091679654 0.767096659628964 2017 uid://A001/X1273/X5f1 uid://A002/Xca795f/Xa09d 2017.1.01727.S PGC_043234
587731512619696292 0.021785 10.2559 4.36287 50.63658867 -0.00119968 2.191913354151657 26.86667094707291 0.4232333855908615 2018 uid://A001/X133d/Xe9f uid://A002/Xd7be9d/X85a0 2018.1.00541.S 587731512619696292_8084-3702
587731173842027508 0.096831 11.1227 2.40581 311.78094669 0.3004667 2.3128866165594073 26.41382084075372 0.5388337923223746 2018 uid://A001/X133d/Xea3 uid://A002/Xd90607/X46d0 2018.1.00541.S 587731173842027508_8623-6104
587722984438235345 0.07191 10.5795 2.52984 211.53408245 0.91743956 1.0416515985187789 14.162201473034198 1.4222829311678264 2017 uid://A001/X1284/X1534 uid://A002/Xca795f/X25d1 2017.1.00025.S HATLAS_J140608.2+005501
587731511542022280 0.042889 10.4903 3.46663 41.64309665 -0.84352942 2.449757735561202 23.389933471544293 0.695991541377657 2018 uid://A001/X133d/Xf51 uid://A002/Xd86f11/X346 2018.1.00558.S 8077-9101
587741602035138654 0.027729 10.0793 8.58439 192.7649356 27.36997057 1.1140515071225685 15.17620909964918 1.3166010365692837 2022 uid://A001/X2f52/X2ff uid://A002/X103c838/X13aa 2022.1.00482.S 58154
587741724972548183 0.031459 10.242 7.91148 196.11778462 23.57503843 1.0862015579049047 14.271076193671574 1.4167415571915312 2022 uid://A001/X2f52/X2ff uid://A002/X103c838/X13aa 2022.1.00482.S 59266
588023669708816634 0.035618 9.49906 4.21313 184.56088849 20.33346652 1.084699729629176 14.281197778971714 0.6912279927971433 2022 uid://A001/X2f52/X2fc uid://A002/X102cd30/X3182 2022.1.00482.S 63263
587731511545233578 0.026797 10.4409 7.56408 48.89644156 -1.01627288 1.7450846597222704 21.08888691969844 0.40979387200234374 2018 uid://A001/X133d/Xe97 uid://A002/Xd7aa27/X128 2018.1.00541.S 587731511545233578_8082-12701
588848899928490158 0.066164 10.0393 2.18613 216.06975936 -0.03842896 1.0489048294404495 14.156872251728165 1.422289532585477 2017 uid://A001/X1284/X1534 uid://A002/Xca795f/X25d1 2017.1.00025.S HATLAS_J142416.7-000218
588848899391750403 0.073155 10.066 3.71648 216.49658371 -0.59821264 1.0493747549337966 14.17051552719845 1.422290174852379 2017 uid://A001/X1284/X1534 uid://A002/Xca795f/X25d1 2017.1.00025.S HATLAS_J142559.2-003552
588015508731723912 0.0448 10.0282 3.68743 358.22185487 -0.38246922 1.5749107829573452 18.61107815107494 0.5028056264171976 2018 uid://A001/X133d/Xe87 uid://A002/Xd7842e/X291 2018.1.00541.S 588015508731723912_8655-9102
587726015086723332 0.067333 10.5659 2.52563 220.68457199 1.97961388 1.7624828573963924 20.385660588531255 2.2246185984088767 2017 uid://A001/X1284/X152c uid://A002/Xcbdb2a/X3612 2017.1.00025.S HATLAS_J144244.2+015846
588015510364880957 0.023897 9.76272 5.17223 49.78215908 0.95595472 2.5974894039350453 26.47105049564893 0.6297789945209116 2018 uid://A001/X133d/Xe8b uid://A002/Xd81670/X836e 2018.1.00541.S 588015510364880957_8082-6103
587726032266789096 0.068752 10.2913 3.41975 221.71705938 1.66996109 1.7816674019825824 20.5097642657433 2.224621170579099 2017 uid://A001/X1284/X152c uid://A002/Xcbdb2a/X3612 2017.1.00025.S HATLAS_J144652.0+014010
587731513694355564 0.030601 10.2378 6.0651 52.62136726 0.75206357 2.21315106037228 23.015644938334304 0.5733060368754219 2018 uid://A001/X133d/Xe7b uid://A002/Xd7be9d/X8f13 2018.1.00541.S 587731513694355564_8155-6102
587731511545626673 0.053812 10.0347 2.8611 49.82143689 -0.96964645 1.6159932481752524 18.56331404869433 0.7996984145734759 2018 uid://A001/X133d/Xe73 uid://A002/Xd74c3f/X599 2018.1.00541.S 587731511545626673_8081-3704
587724232639774853 0.040852 10.5623 7.4104 14.95303577 14.72351699 1.2271706984196535 15.241851398639698 1.0078852585327935 2021 uid://A001/X159b/X96 uid://A002/Xf8f6a9/X1ce30 2021.1.00602.S RFGC229
587726033339351192 0.065314 10.2395 2.12357 219.00694845 2.49281274 1.729001782595108 19.433756208355998 0.8624063970149171 2017 uid://A001/X1284/X1530 uid://A002/Xcbdb2a/X3c6c 2017.1.00025.S HATLAS_J143601.6+022933
587731187797393472 0.018303 10.0825 3.58846 320.82655503 1.25503174 2.5166928410629725 24.074222025290286 0.6250875694292357 2018 uid://A001/X133d/Xe6f uid://A002/Xd7dd07/X81be 2018.1.00541.S 587731187797393472_8615-3703
587742060530696249 0.041806 10.134 5.1989 171.74883903 21.14169293 1.8002166834323048 22.468857598138847 0.4584441059544408 2018 uid://A001/X133d/Xe8f uid://A002/Xd7842e/X1e00 2018.1.00541.S 587742060530696249_8450-6102
587742061095944550 0.034596 10.3234 1.70628 239.55486919 13.16883196 1.066770910160025 16.698345317173896 1.3187878005822526 2021 uid://A001/X159b/Xa8 uid://A002/Xf9e621/X5664 2021.1.00602.S RFGC3064
587729776375562308 0.216822 11.4747 2.0658 226.03129936 -2.80460515 0.5790668044939273 7.530652287893086 0.5337640761011488 2016 uid://A001/X87a/X657 uid://A002/Xb9dfa4/X7110 2016.1.01269.S RXCJ1504.1-0248
587726015620317332 0.068509 10.6082 1.9477 213.14802 2.52503495 1.0512568768677868 14.190806911414796 1.422285139339821 2017 uid://A001/X1284/X1534 uid://A002/Xca795f/X25d1 2017.1.00025.S HATLAS_J141235.5+023130
587731185665638418 0.071143 11.1262 3.6788 356.75181707 -0.44740504 1.5853101559033513 18.70643361825293 0.532634208472403 2018 uid://A001/X133d/Xf45 uid://A002/Xd77a17/X1db4 2018.1.00558.S 8655-3701
588848901003346106 0.07201 10.2259 3.26406 218.62970036 0.69244018 1.7499796017308988 20.03066591280125 2.2246137117487588 2017 uid://A001/X1284/X152c uid://A002/Xcbdb2a/X3612 2017.1.00025.S HATLAS_J143430.9+004133
587731186187632690 0.030211 10.2159 6.04244 322.7494346 -0.00058493 2.52469828891278 25.59385276263403 0.6573274598404043 2018 uid://A001/X133d/Xe67 uid://A002/Xd81670/X103d7 2018.1.00541.S 587731186187632690_8616-9102
587727221402042402 0.027587 10.0418 4.25271 333.05203457 12.20518369 1.7069582280483466 19.588702967852758 0.5681624591241158 2018 uid://A001/X133d/Xe6b uid://A002/Xd74c3f/X87cd 2018.1.00541.S 587727221402042402_7977-3703
587742614561882441 0.039083 10.7334 5.67999 240.30948044 14.07877835 1.0674382841958479 17.4422317202721 1.2626440421671046 2021 uid://A001/X159b/Xa8 uid://A002/Xf9e621/X5664 2021.1.00602.S RFGC3069
587726015087575099 0.069388 10.6482 1.95595 222.57934753 1.86813388 1.7326827925306176 19.575989354750103 0.8757812673446147 2017 uid://A001/X1284/X1530 uid://A002/Xcbdb2a/X3c6c 2017.1.00025.S HATLAS_J145019.0+015206
587726014550704284 0.069134 10.2772 2.94058 222.55481712 1.35674863 1.7306653890962738 19.504478185024983 0.8757812732833994 2017 uid://A001/X1284/X1530 uid://A002/Xcbdb2a/X3c6c 2017.1.00025.S HATLAS_J145013.2+012125
587727944034091201 0.122951 10.6675 2.44488 150.33559079 2.30491993 1.767757309180948 24.61532129588552 1.1761591836314396 2018 uid://A001/X133d/X4226 uid://A002/Xd9668b/Xaccf 2018.1.01852.S COSMOS-1197519
587741816782520492 0.029963 9.90864 6.91743 150.13074073 21.00212559 1.087819827964021 14.668594810168395 0.7566873700001185 2022 uid://A001/X2f52/X2d9 uid://A002/X1038a19/X2cbd 2022.1.00482.S 59902
587739815850672280 0.017804 9.27384 7.08182 233.97316626 23.58216312 1.0898715682180757 14.291022170505554 1.0224467329749332 2022 uid://A001/X2f52/X2ee uid://A002/X101e5ab/X1c1a0 2022.1.00482.S 49935
587726033309335775 0.123606 11.2869 2.84131 150.40387927 2.50887531 1.7668965479418328 24.59461677559266 1.1761592603282827 2018 uid://A001/X133d/X4226 uid://A002/Xd9668b/Xaccf 2018.1.01852.S COSMOS-1411106
587738946663416023 0.039403 9.34661 3.62627 131.24447527 25.73926376 1.1395349493109475 16.058975756242106 1.1124747144629101 2022 uid://A001/X2f52/X2cf uid://A002/X1026621/X4425 2022.1.00482.S 46746
587739845391876411 0.039049 10.2999 7.87306 237.33460637 16.28917552 1.064338679988762 15.364587218378437 1.2376873323110207 2022 uid://A001/X2f52/X2e6 uid://A002/X10275c0/X7372 2022.1.00482.S 55131
587742629067489627 0.037239 10.1245 4.37507 235.81642878 11.80807144 1.0344033083820696 15.33041226662879 1.2757800551952874 2022 uid://A001/X2f52/X2e6 uid://A002/X10275c0/X7372 2022.1.00482.S 65716
587742013807198300 0.030901 10.3676 4.0394 151.79241212 18.95059336 1.0738957529283744 14.390430583009636 0.771103027516748 2022 uid://A001/X2f52/X2d9 uid://A002/X1038a19/X2cbd 2022.1.00482.S 60871
587726031176138910 0.020376 9.21577 6.49133 183.03838927 1.31148674 2.374119782820104 21.982051645256078 0.6182560203490872 2016 uid://A001/X8a9/X64 uid://A002/Xbd2fbe/X206b 2016.1.00948.S rs0769
587741815710679234 0.032438 10.1817 6.14102 154.91469975 21.28814218 1.090059938187726 15.32382219168396 0.7566913831582367 2022 uid://A001/X2f52/X2d9 uid://A002/X1038a19/X2cbd 2022.1.00482.S 59764
587735236883513572 0.038334 9.3347 3.97284 124.54792697 26.65392774 1.1578928055720707 16.097781258137033 1.072824866160866 2022 uid://A001/X2f52/X2cf uid://A002/X1026621/X4425 2022.1.00482.S 27657
588297864172929272 0.036532 9.49815 4.2086 122.72710985 26.69677621 1.1569989897999482 16.143219339175758 1.106532439758791 2022 uid://A001/X2f52/X2cf uid://A002/X1026621/X4425 2022.1.00482.S 26668
587742551761027182 0.038525 10.4046 2.68675 234.78279248 14.02308117 1.0520011033699 15.675260330066207 1.2376880216333177 2022 uid://A001/X2f52/X2e6 uid://A002/X10275c0/X7372 2022.1.00482.S 65783
587739720302329929 0.021465 10.3702 3.68002 223.63176475 24.0272692 1.090592872262375 15.058272524953047 1.0345510332864718 2022 uid://A001/X2f52/X2e1 uid://A002/X102b92b/X93ac 2022.1.00482.S 53609
587736942525939917 0.036491 9.27162 5.64125 233.52038974 29.90686233 1.2014515740088059 16.200392752723744 1.2350794162349934 2022 uid://A001/X2f52/X2ee uid://A002/X112077c/X30cab 2022.1.00482.S 40294
588010359607656603 0.023032 10.8937 6.08612 144.57664574 4.09414119 2.1791976550884713 20.494046460955527 3.0209648100306397 2016 uid://A001/X8a9/X6c uid://A002/Xbcb16f/X20af 2016.1.00948.S rs0107
587726015069421743 0.019995 9.12565 5.46958 181.12843767 2.34338182 2.3190238338772406 20.61830356742007 0.6070097853086994 2016 uid://A001/X8a9/X58 uid://A002/Xbd2fbe/X1e0f 2016.1.00948.S rs0679
587739115244552375 0.033312 9.46677 3.82939 141.01591313 29.1170693 1.1226718007755259 16.55707697012598 1.2883294658984317 2022 uid://A001/X2f52/X2d4 uid://A002/X1042cf0/X3498 2022.1.00482.S 48131
587741392111075571 0.033178 10.5092 3.25239 147.94390686 27.54607243 1.1115449456056121 15.781815481459484 1.3201526531017163 2022 uid://A001/X2f52/X2d4 uid://A002/X1042cf0/X3498 2022.1.00482.S 55734
587742614559785152 0.042107 10.0654 4.45479 235.62537985 15.79056176 1.0612261629782556 15.332477273972998 1.3176190290133003 2022 uid://A001/X2f52/X2e6 uid://A002/X10275c0/X7372 2022.1.00482.S 65288
587739115244028047 0.033005 10.3996 5.8347 139.75682031 28.3917302 1.117668859486202 16.33936066306684 1.3201431134574284 2022 uid://A001/X2f52/X2d4 uid://A002/X1042cf0/X3498 2022.1.00482.S 48125
587726031176138762 0.020905 9.52049 7.15051 182.99771303 1.35003785 2.4396810823285233 21.280085375607445 0.602541905976116 2016 uid://A001/X8a9/X60 uid://A002/Xbcde4a/X128d 2016.1.00948.S rs0768
587739380989034622 0.027361 9.74032 2.57418 221.69011817 29.17628712 1.1248745206214648 15.674213915806066 1.034548222891125 2022 uid://A001/X2f52/X2e1 uid://A002/X102b92b/X93ac 2022.1.00482.S 50031
588017702393282739 0.030646 9.38479 4.17985 179.14710457 11.58993153 1.0347104911892526 14.286814561019042 0.928347359971307 2022 uid://A001/X2f52/X2f9 uid://A002/X102cd30/X9f3f 2022.1.00482.S 34439
588017566023221411 0.030748 9.29918 4.26611 177.00091683 12.11351928 1.0396719663305571 14.503389404857801 0.9283454075415876 2022 uid://A001/X2f52/X2f9 uid://A002/X102cd30/X9f3f 2022.1.00482.S 32522
587730817902116911 0.097378 10.103 1.08285 344.79825074 -8.77026366 0.08880814553015492 1.7128931040041762 0.7206492220245727 2016 uid://A001/X87a/X8af uid://A002/Xc483da/X1119 2016.1.01172.S 16911
588017567096307746 0.031042 9.37195 2.95174 175.41493587 12.8021331 1.0457773828339272 14.90227632284581 0.9283439076086692 2022 uid://A001/X2f52/X2f9 uid://A002/X102cd30/X9f3f 2022.1.00482.S 32597
587735043075211514 0.035737 9.81652 4.01541 128.80270947 28.62208902 1.1703346343977565 16.44574748166811 1.083721728226508 2022 uid://A001/X2f52/X2cf uid://A002/X1026621/X4425 2022.1.00482.S 27289
587734621630431417 0.02999 10.5515 3.78687 128.13732177 29.93810981 1.184987099401085 16.874139958328968 1.1636468301103686 2022 uid://A001/X2f52/X2cf uid://A002/X1026621/X4425 2022.1.00482.S 27516
587726015069421736 0.020141 9.10744 5.46431 181.12450478 2.44849647 2.348998770687306 20.024294341974052 0.9427536256971302 2016 uid://A001/X8a9/X54 uid://A002/Xbcde4a/X1026 2016.1.00948.S rs0677
587726013996466476 0.021005 8.48408 4.09881 182.98976807 1.48924642 2.415071908116319 26.393702425538635 0.6157348154080251 2016 uid://A001/X8a9/X68 uid://A002/Xbd9424/X43cc 2016.1.00948.S rs0767
587739828204077236 0.01759 9.96569 6.42864 220.92378795 23.01872766 1.0827798159139184 14.850591685720529 0.9905068911356988 2022 uid://A001/X2f52/X2e1 uid://A002/X102b92b/X93ac 2022.1.00482.S 54706
588017977836437722 0.021473 9.50496 5.7376 231.34750628 29.17189035 1.1301775398064142 15.050253386694813 1.022445233625016 2022 uid://A001/X2f52/X2ee uid://A002/X101e5ab/X1c1a0 2022.1.00482.S 37424
587726015069421749 0.019968 9.58254 3.29956 181.13412614 2.4531039 2.3456922215763245 19.878794712713713 0.8198408023407919 2016 uid://A001/X8a9/X5c uid://A002/Xbd2fbe/X1c85 2016.1.00948.S rs0680
587739719215415412 0.035034 10.288 3.7308 190.36672793 28.79118896 1.1240502522931484 15.435183523009117 1.380858938662648 2022 uid://A001/X2f52/X2ff uid://A002/X103c838/X13aa 2022.1.00482.S 53449
587729158436028561 0.030012 10.1008 5.64003 209.56343609 3.99830052 0.9912775406890169 13.348136364066889 0.6828427892712609 2022 uid://A001/X2f52/X2f6 uid://A002/X102cd30/X3f2c 2022.1.00482.S 11248
587736523759419560 0.028718 10.1649 3.76728 207.54680862 5.89180291 1.0019477239277919 13.424247180482322 0.6683470743850304 2022 uid://A001/X2f52/X2f6 uid://A002/X102cd30/X3f2c 2022.1.00482.S 38659
588017703476985965 0.026234 9.96145 6.19852 202.40178913 11.81392957 1.0214992579849196 13.148942009378763 0.6274553617154661 2022 uid://A001/X2f52/X2f3 uid://A002/X102cd30/X3721 2022.1.00482.S 34718
587739407875113205 0.016254 9.06956 4.06905 234.78990433 24.83083857 1.094901397106573 14.414590786594875 0.9899793005548156 2022 uid://A001/X2f52/X2ee uid://A002/X101e5ab/X1c1a0 2022.1.00482.S 51089
587742615097442546 0.038242 10.1579 4.4184 237.47440053 15.41558492 1.0610397618525396 15.306317514534399 1.2376875293925906 2022 uid://A001/X2f52/X2e6 uid://A002/X10275c0/X7372 2022.1.00482.S 65887
587736899038019890 0.041346 9.31455 3.43033 242.75054806 28.0853332 1.1805619503062619 16.685038731091357 0.8208885876591395 2022 uid://A001/X2f52/X2e9 uid://A002/X102b92b/X1324 2022.1.00482.S 42443
587727944034091092 0.121664 10.9472 2.53404 150.31973925 2.28672849 1.765591472639478 24.503689829259404 1.1761591562596307 2018 uid://A001/X133d/X4226 uid://A002/Xd9668b/Xaccf 2018.1.01852.S COSMOS-0969208
587739648347799622 0.033302 9.59998 5.18785 146.97898942 27.37693767 1.1111085458312973 15.708233143527016 1.3201513896306338 2022 uid://A001/X2f52/X2d4 uid://A002/X1042cf0/X3498 2022.1.00482.S 52854
588848898827288872 0.042385 10.6536 4.34604 153.44511229 -0.91423737 2.342017512245533 24.16947370432736 1.9819258164521185 2017 uid://A001/X12a3/X2bd uid://A002/Xd8a1ac/X1e30 2017.1.00496.S JO204_CO10
588010359607656594 0.023793 8.98387 6.21291 144.56208611 4.15262692 2.0818790242900875 19.757210369767048 1.2423738362402446 2016 uid://A001/X8a9/X74 uid://A002/Xbcb16f/X4818 2016.1.00948.S rs0105
587742062148911209 0.035623 9.93962 4.8027 190.36508714 22.93077786 1.075811247131959 14.586694162526927 1.455554860391535 2022 uid://A001/X2f52/X2ff uid://A002/X103c838/X13aa 2022.1.00482.S 62323
587736940914409584 0.022916 10.0251 4.91525 230.68697452 29.76962115 1.1327210562391088 15.253587151521495 1.022445064892776 2022 uid://A001/X2f52/X2ee uid://A002/X101e5ab/X1c1a0 2022.1.00482.S 42595
588015509267284063 0.184843 11.9811 5.21065 355.24903077 0.08156918 2.406671019121454 22.403277355983235 0.6470883576299497 2013 uid://A001/X136/X8 uid://A002/X97fa9e/X176 2013.1.01383.S Cosmic_skidmark
587732771598499954 0.048647 10.7287 4.31563 196.60341573 9.94328659 2.6716713113861865 25.541043661915477 1.5660503310269218 2021 uid://A001/X15a2/X767 uid://A002/Xf73ead/Xc13 2021.1.01089.S 605137
587742775085236227 0.046449 10.7786 4.39881 155.41042576 15.78658605 3.003667740548887 29.396386722851737 1.7605950368587093 2021 uid://A001/X15a2/X72b uid://A002/Xf5e73e/X16d1 2021.1.01089.S 578499
587745541055905827 0.047641 10.7604 3.32495 152.50388684 15.72535517 3.002018136086536 30.157378465251313 1.7605892052771113 2021 uid://A001/X15a2/X72b uid://A002/Xf5e73e/X16d1 2021.1.01089.S 163346
587742775089758339 0.043482 10.8259 7.4984 166.13410919 17.12791316 3.010057562585624 27.556978751985405 1.546563388730083 2021 uid://A001/X15a2/X734 uid://A002/Xf61d3a/X13f3 2021.1.01089.S 304615
587729779054084193 0.054173 10.4879 3.40163 212.5918663 -1.1149946 0.9699416894646609 10.068043350067287 0.6102731514085953 2017 uid://A001/X1273/X722 uid://A002/Xca3f23/X185e 2017.1.00601.S GAMA496966
587742901791621273 0.04683 10.6775 6.58885 194.66433091 16.38440494 2.9890887856082204 27.98008260795723 1.428013185600906 2021 uid://A001/X15a2/X764 uid://A002/Xf5e73e/X1e55 2021.1.01089.S 159043
588017703458635950 0.04779 10.57 5.41895 159.71419024 11.17196653 2.9145462262144655 28.016864134563267 1.7606037044491563 2021 uid://A001/X15a2/X72b uid://A002/Xf5e73e/X16d1 2021.1.01089.S 624421
587730022252675197 0.048617 10.9238 2.58117 214.90871834 6.13480129 2.6387758535797574 24.36924086464545 1.4537078956756166 2021 uid://A001/X15a2/X74c uid://A002/Xf73ead/X11da 2021.1.01089.S 29955
587745540520542248 0.044825 10.7243 5.20792 156.08746401 15.75394814 3.0000096631340845 29.247450020212995 1.760596428849591 2021 uid://A001/X15a2/X72b uid://A002/Xf5e73e/X16d1 2021.1.01089.S 480606
587735348562624651 0.046138 11.0302 5.96178 155.41192846 13.31266586 2.943187895524878 28.883272830875573 1.7605948433176426 2021 uid://A001/X15a2/X72b uid://A002/Xf5e73e/X16d1 2021.1.01089.S 658645
588848899892773131 0.028563 9.42425 2.9148 134.52337257 -0.02114556 1.015647494532549 16.7831451244521 0.638166439406799 2017 uid://A001/X1273/X706 uid://A002/Xca525b/X179 2017.1.00601.S GAMA574200
587745541057085533 0.045293 10.9267 6.05703 155.33957767 16.11437634 3.010948839697094 29.63514166035943 1.760594915482786 2021 uid://A001/X15a2/X72b uid://A002/Xf5e73e/X16d1 2021.1.01089.S 591771
587738409253994578 0.044811 11.1273 6.27349 155.78993495 12.23951174 2.924655724019795 28.503488674840348 1.7605955959296014 2021 uid://A001/X15a2/X72b uid://A002/Xf5e73e/X16d1 2021.1.01089.S 127995
587745541056757944 0.043793 10.6429 5.92662 154.52590245 15.96303181 3.0095222017974828 29.42362561265195 1.7605932874332142 2021 uid://A001/X15a2/X72b uid://A002/Xf5e73e/X16d1 2021.1.01089.S 106870
588848900466213053 0.035564 9.30252 5.16701 218.05118084 0.22324505 1.0054733330936902 13.063742355420223 0.643229187510208 2017 uid://A001/X1273/X736 uid://A002/Xca5b1c/X5e51 2017.1.00601.S GAMA619098
587742774014902428 0.048301 10.7022 3.25915 163.62681845 16.09317109 2.986453375975142 27.40790112803394 1.5465588074512588 2021 uid://A001/X15a2/X734 uid://A002/Xf61d3a/X13f3 2021.1.01089.S 46727
587722984440135850 0.040088 10.4676 4.06591 215.90105241 1.00760341 1.0196293066359274 11.622371138117618 0.6275528193844233 2017 uid://A001/X1273/X70e uid://A002/Xca525b/X1280 2017.1.00601.S GAMA106389
587729159502823552 0.048805 10.6831 3.83781 193.58751889 5.28264555 2.564264675316617 23.83012409256549 1.4550861504511126 2021 uid://A001/X15a2/X761 uid://A002/Xf70fbd/X6910 2021.1.01089.S 12494
588017724942123025 0.049174 10.9114 3.18574 195.89318803 6.95363338 2.6311143069652285 24.956730103390957 1.449879906955454 2021 uid://A001/X15a2/X767 uid://A002/Xf73ead/Xc13 2021.1.01089.S 180917
588017990685098068 0.045324 11.0259 4.78797 193.56199972 9.44151036 2.6210197223726612 24.3588001331589 1.3471476384299517 2021 uid://A001/X15a2/X761 uid://A002/Xf70fbd/X6910 2021.1.01089.S 618039
588017704542994539 0.042974 10.7701 5.95458 184.43378011 13.17103432 2.911487213811592 26.993988553000495 1.7389602437192822 2021 uid://A001/X15a2/X75e uid://A002/Xf5e73e/X1b06 2021.1.01089.S 272690
588017992295972989 0.046308 11.1606 5.23197 194.26874686 10.6207147 2.640286855716556 24.405768242651423 1.3471486973626754 2021 uid://A001/X15a2/X761 uid://A002/Xf70fbd/X6910 2021.1.01089.S 620714
588848899394568318 0.043386 10.8351 3.42287 222.80167403 -0.45687693 1.0372758570800207 11.97098686639871 0.7117422256524147 2017 uid://A001/X1273/X72e uid://A002/Xca525b/X15c4 2017.1.00601.S GAMA570227
588017704013856887 0.040545 10.8468 4.49301 202.42859773 12.1901531 2.6451257899137084 24.452748378126138 1.3740369982664624 2021 uid://A001/X15a2/X749 uid://A002/Xf73568/X66c 2021.1.01089.S 68973
587726016684359773 0.048019 10.8803 3.57544 190.98447099 3.61646412 2.5389315914988653 23.508677349118145 1.4550816037664767 2021 uid://A001/X15a2/X761 uid://A002/Xf70fbd/X6910 2021.1.01089.S 122665
587742863139209242 0.043538 10.7991 5.73634 180.75667234 16.48405567 2.9954333546387897 28.495911077668445 1.738952146373919 2021 uid://A001/X15a2/X75e uid://A002/Xf5e73e/X1b06 2021.1.01089.S 545938
587735349650391137 0.046185 11.054 8.71403 188.5429447 15.96821697 2.962366764355779 27.39674712162259 1.738967791419802 2021 uid://A001/X15a2/X75e uid://A002/Xf5e73e/X1b06 2021.1.01089.S 373633
588017704013856826 0.044693 10.682 6.83601 202.51623495 12.17519304 2.6455877864613146 24.40408929266645 1.4689075100962081 2021 uid://A001/X15a2/X749 uid://A002/Xf73568/X66c 2021.1.01089.S 475128
587738568174731329 0.042846 11.0737 6.47779 203.92665688 13.33090774 2.6625388700422463 24.508937232662966 1.468909790251778 2021 uid://A001/X15a2/X749 uid://A002/Xf73568/X66c 2021.1.01089.S 437037
588017990149931108 0.04744 10.676 6.55512 197.56226847 8.75131628 2.659310778038742 25.28872244823624 1.4498827136436248 2021 uid://A001/X15a2/X767 uid://A002/Xf73ead/Xc13 2021.1.01089.S 498513
587742772950335545 0.044556 10.6856 5.91854 185.44463038 16.33140559 2.9747990352441422 27.505038548502686 1.7389616064218536 2021 uid://A001/X15a2/X75e uid://A002/Xf5e73e/X1b06 2021.1.01089.S 242308
587729776370122970 0.047109 10.9321 3.37631 213.58040781 -3.1865306 2.6492115935932485 26.806524643301987 1.4779086207068686 2021 uid://A001/X15a2/X746 uid://A002/Xf73ead/X1ef2 2021.1.01089.S 456147
587738569248145433 0.044148 10.6949 7.0712 203.27090633 14.20514056 2.685319648435439 24.59794267218558 1.4689085514715274 2021 uid://A001/X15a2/X749 uid://A002/Xf73568/X66c 2021.1.01089.S 224444
588017990147113091 0.047844 10.8094 7.48079 191.01679052 9.06331685 2.614475394178707 24.46946021419951 1.3471434865156398 2021 uid://A001/X15a2/X761 uid://A002/Xf70fbd/X6910 2021.1.01089.S 408880
587729774759313429 0.050129 10.4968 5.45806 214.02131611 -1.25968922 2.6654190932407493 26.972475682145312 1.4779093204958023 2021 uid://A001/X15a2/X746 uid://A002/Xf73ead/X1ef2 2021.1.01089.S 263667
587736523763876045 0.04959 10.7517 4.81338 217.75978148 5.34063186 2.6396811817724637 24.19144112220054 1.5701890969590497 2021 uid://A001/X15a2/X74c uid://A002/Xf73ead/X11da 2021.1.01089.S 411612
588010880375324834 0.048601 10.8531 4.1172 192.89367934 5.8635649 2.5713653603529654 23.919599628464887 1.3471468078537727 2021 uid://A001/X15a2/X761 uid://A002/Xf70fbd/X6910 2021.1.01089.S 239192
587722982291865751 0.048882 10.9458 6.57337 214.12063124 -0.74387217 2.6684178194479893 26.90135920410889 1.4779094773770682 2021 uid://A001/X15a2/X746 uid://A002/Xf73ead/X1ef2 2021.1.01089.S 105386
587738568174731481 0.042431 10.7077 5.82454 203.98541572 13.34304604 2.668497268494647 24.529248900512442 1.468909913164605 2021 uid://A001/X15a2/X749 uid://A002/Xf73568/X66c 2021.1.01089.S 656018
587736807763148957 0.042287 10.866 6.09065 203.95628134 13.41753523 2.669398083682952 24.43946588772747 1.4689098386956152 2021 uid://A001/X15a2/X749 uid://A002/Xf73568/X66c 2021.1.01089.S 321551
588017704557281316 0.049313 10.8264 4.07219 217.72306071 11.23663574 2.9275976239426282 26.823463447918403 1.3661040170467633 2021 uid://A001/X15a2/X74f uid://A002/Xf61d3a/X1d2b 2021.1.01089.S 355825
587729776370581627 0.044932 10.8842 5.94092 214.55597703 -3.12107588 2.64562728369605 26.70134262237771 1.4779102842941692 2021 uid://A001/X15a2/X746 uid://A002/Xf73ead/X1ef2 2021.1.01089.S 299299
587729777446617098 0.040404 10.8644 2.83287 219.77370368 -2.11570706 2.628799218022628 26.00388274271921 1.3682869278843086 2021 uid://A001/X15a2/X746 uid://A002/Xf73ead/X1ef2 2021.1.01089.S 170103
587738570322870287 0.042397 11.1013 6.69034 205.59955108 14.73913043 2.685894958162736 24.697025790208578 1.468912420178655 2021 uid://A001/X15a2/X749 uid://A002/Xf73568/X66c 2021.1.01089.S 324315
587726033304944826 0.05041 10.7247 4.19606 140.29344703 2.20123436 1.0157168224776036 12.157529011715306 0.6961465673287857 2017 uid://A001/X1273/X726 uid://A002/Xca525b/X413 2017.1.00601.S GAMA348116
588017991221379185 0.045122 10.9149 5.79055 192.34314518 9.81765356 2.6260858038550907 24.400862062395884 1.3471456232684171 2021 uid://A001/X15a2/X761 uid://A002/Xf70fbd/X6910 2021.1.01089.S 189167
587742863677718656 0.04434 10.7317 3.32663 184.77488636 16.97074831 2.986279296545821 27.73158836730356 1.7389601013153546 2021 uid://A001/X15a2/X75e uid://A002/Xf5e73e/X1b06 2021.1.01089.S 609961
588017571390095595 0.043414 10.7377 6.27738 202.630327 12.51951201 2.6525838286580252 24.369377974684905 1.4689076659067013 2021 uid://A001/X15a2/X749 uid://A002/Xf73568/X66c 2021.1.01089.S 474401
587726014546641125 0.025878 9.57757 5.03035 213.32890889 1.66440168 1.0030038620748638 11.524512092657192 0.6314405280154112 2017 uid://A001/X1273/X6fe uid://A002/Xca525b/X1087 2017.1.00601.S GAMA238125
587742551754408170 0.048301 10.6934 6.44674 219.53468802 17.4511437 3.033715854119295 27.815187024620872 1.36610386988605 2021 uid://A001/X15a2/X74f uid://A002/Xf61d3a/X1d2b 2021.1.01089.S 10828
587742773487665337 0.044949 10.9032 6.95721 186.63628331 16.84463868 2.9835893982075814 27.640787717815584 1.7389638056525258 2021 uid://A001/X15a2/X75e uid://A002/Xf5e73e/X1b06 2021.1.01089.S 654650
587742773745156197 0.049137 11.1047 5.82781 160.59133062 15.35960763 3.003129949974599 28.6156532903078 1.7606056037701274 2021 uid://A001/X15a2/X72b uid://A002/Xf5e73e/X16d1 2021.1.01089.S 66351
587726014548476140 0.027137 9.51405 4.91188 217.52015311 1.53684563 1.0426791179113357 13.463245933424199 0.6342945916125434 2017 uid://A001/X1273/X71e uid://A002/Xca5b1c/X637f 2017.1.00601.S GAMA239376
587738568167194844 0.043095 10.7253 7.24637 186.30243363 14.03926809 2.9255153507479004 27.066738917821816 1.7389638386086819 2021 uid://A001/X15a2/X75e uid://A002/Xf5e73e/X1b06 2021.1.01089.S 26634
587732770522792028 0.046245 11.004 4.87775 192.14176123 9.12978719 2.6085660490332643 24.401898190771586 1.3471453309011814 2021 uid://A001/X15a2/X761 uid://A002/Xf70fbd/X6910 2021.1.01089.S 445641
588017992298397732 0.048104 11.1018 4.32033 199.89293947 10.4548662 2.6897384876609802 25.319154229257958 1.7155289503369788 2021 uid://A001/X15a2/X767 uid://A002/Xf73ead/Xc13 2021.1.01089.S 571165
588017725478928419 0.048697 10.8847 5.01851 195.79163637 7.54859035 2.6318783751472385 25.14927727491849 1.4498796564560825 2021 uid://A001/X15a2/X767 uid://A002/Xf73ead/Xc13 2021.1.01089.S 561882
588848899929080012 0.030004 10.7515 6.43879 217.44190016 -0.15238661 0.979801845100548 12.635962308262362 0.641807679797922 2017 uid://A001/X1273/X71a uid://A002/Xca5b1c/X5a44 2017.1.00601.S GAMA593680
587729157892276433 0.048235 10.8847 6.748 193.78224635 4.0403584 2.545342668647387 23.591003483682105 1.4550865608208539 2021 uid://A001/X15a2/X761 uid://A002/Xf70fbd/X6910 2021.1.01089.S 653728
588017990686605426 0.049086 10.7391 4.6789 197.09310397 9.31511185 2.668209475740666 25.27966172514669 1.4498818334115564 2021 uid://A001/X15a2/X767 uid://A002/Xf73ead/Xc13 2021.1.01089.S 412027
587742864741367981 0.047963 10.7973 6.25571 160.66807055 16.29220285 3.0216103444463025 28.880339474887077 1.7606057997154636 2021 uid://A001/X15a2/X72b uid://A002/Xf5e73e/X16d1 2021.1.01089.S 640213
588017991233110227 0.049877 10.8772 3.68469 219.38730282 8.07861173 2.7052802067055777 24.663386613218076 1.453714788249472 2021 uid://A001/X15a2/X74c uid://A002/Xf73ead/X11da 2021.1.01089.S 308811
587738568174534706 0.044123 11.014 3.96824 203.53921631 13.28081969 2.6660786403017007 24.52279805071077 1.4689091153349896 2021 uid://A001/X15a2/X749 uid://A002/Xf73568/X66c 2021.1.01089.S 577834
587745541058396282 0.045059 10.7458 6.0702 158.36709294 16.38086021 3.027276446312004 29.141136678264118 1.7606011008758617 2021 uid://A001/X15a2/X72b uid://A002/Xf5e73e/X16d1 2021.1.01089.S 393701
587742865280401528 0.042633 10.8878 7.40264 165.74737806 17.33039945 3.010470901262075 27.576382271040305 1.4466769117450284 2021 uid://A001/X15a2/X734 uid://A002/Xf61d3a/X13f3 2021.1.01089.S 580793
587726014011539630 0.029753 9.44652 3.24619 217.38574581 1.11738209 1.0303440164708781 14.274940457684856 0.7517387119576227 2017 uid://A001/X1273/X716 uid://A002/Xca6c94/X2ce5 2017.1.00601.S GAMA228432
588848900465950856 0.034456 9.64543 3.29034 217.55201758 0.33357014 1.0206612111117384 13.041582614834763 0.6331203514792898 2017 uid://A001/X1273/X732 uid://A002/Xca5b1c/X6121 2017.1.00601.S GAMA618935
588017728154959961 0.049381 10.8884 3.06504 192.93707215 6.41994068 2.5760653099170527 24.03496038769568 1.3471468571934373 2021 uid://A001/X15a2/X761 uid://A002/Xf70fbd/X6910 2021.1.01089.S 123106
587726016684228815 0.04861 10.7675 5.65345 190.78901743 3.58121715 2.5355185977791783 23.498150583627652 1.4550812457452649 2021 uid://A001/X15a2/X761 uid://A002/Xf70fbd/X6910 2021.1.01089.S 136638
588017990147440789 0.047388 11.0347 7.44425 191.78911048 9.01631515 2.611323295435324 24.45250965785582 1.3471447504654648 2021 uid://A001/X15a2/X761 uid://A002/Xf70fbd/X6910 2021.1.01089.S 631801
587738570323984428 0.040461 11.1877 4.68909 208.29027418 14.65580273 2.6821302570913073 24.600162190764525 1.3740459672506595 2021 uid://A001/X15a2/X749 uid://A002/Xf73568/X66c 2021.1.01089.S 93078
587742571607949406 0.042077 10.813 5.84455 161.37678677 17.61964551 3.0065686950076222 27.52557828468677 1.4466695431471803 2021 uid://A001/X15a2/X734 uid://A002/Xf61d3a/X13f3 2021.1.01089.S 159313
587742864742285484 0.048721 10.7379 5.34405 162.86032288 16.51693275 2.9839760187904405 27.35573728110445 1.5465574459150766 2021 uid://A001/X15a2/X734 uid://A002/Xf61d3a/X13f3 2021.1.01089.S 67202
588017725480435757 0.04934 10.7435 4.12539 199.21828687 7.2900521 2.6367031066610793 24.9810295947196 1.4498857387145823 2021 uid://A001/X15a2/X767 uid://A002/Xf73ead/Xc13 2021.1.01089.S 43163
588017991761068141 0.044538 10.7661 3.49178 198.7525488 10.0091646 2.68188833164767 25.27426266433155 1.7155266559981843 2021 uid://A001/X15a2/X767 uid://A002/Xf73ead/Xc13 2021.1.01089.S 568116
587742566787776526 0.04143 10.7062 3.58457 161.82891853 17.61179697 3.0092549824088497 27.553547136489513 1.4466703101617828 2021 uid://A001/X15a2/X734 uid://A002/Xf61d3a/X13f3 2021.1.01089.S 124350
587735348575535135 0.042381 11.0073 3.8453 185.84933237 15.17188451 2.947537139794175 27.271899083180916 1.7389626462839483 2021 uid://A001/X15a2/X75e uid://A002/Xf5e73e/X1b06 2021.1.01089.S 640777
587742627985948960 0.040605 10.5879 6.08747 217.71086221 14.50319404 2.9835074240107673 27.247354300737953 1.2778722967660625 2021 uid://A001/X15a2/X74f uid://A002/Xf61d3a/X1d2b 2021.1.01089.S 387663
587742901788213295 0.045583 10.9669 5.01227 186.63697738 16.53705254 2.980859190778467 27.566559157418045 1.7389639069430227 2021 uid://A001/X15a2/X75e uid://A002/Xf5e73e/X1b06 2021.1.01089.S 328009
587742550680010937 0.048477 10.5441 5.19843 217.81717233 16.99514274 3.0347903889241694 27.884015116587438 1.3661020943895397 2021 uid://A001/X15a2/X74f uid://A002/Xf61d3a/X1d2b 2021.1.01089.S 596099
588017729231782014 0.049869 10.7489 4.53186 200.02608283 7.05915718 2.6277927292651797 24.79356063901845 1.4498871729508465 2021 uid://A001/X15a2/X767 uid://A002/Xf73ead/Xc13 2021.1.01089.S 465801
588010878226530456 0.048655 10.9018 5.5004 189.86746315 4.26786391 2.551969814581128 23.60960409203333 1.455079536327626 2021 uid://A001/X15a2/X761 uid://A002/Xf70fbd/X6910 2021.1.01089.S 246603
588848899390046433 0.025776 9.3399 3.99457 212.55950089 -0.57853003 0.9834810715253678 12.739775593619806 0.6466272781179676 2017 uid://A001/X1273/X72a uid://A002/Xca5b1c/X5707 2017.1.00601.S GAMA567624
588017702930546711 0.043781 10.9618 3.55223 180.12412985 11.99226993 2.9127839286804313 27.608405291692705 1.7389516293974583 2021 uid://A001/X15a2/X75e uid://A002/Xf5e73e/X1b06 2021.1.01089.S 232409
587734892219596881 0.049174 10.8242 3.84179 187.71899089 9.4001735 2.8499573540444447 26.49470431709194 1.7389675801670246 2021 uid://A001/X15a2/X75e uid://A002/Xf5e73e/X1b06 2021.1.01089.S 530542
587742774013657229 0.048793 11.0159 7.07549 160.65178025 15.74923973 3.010890086986664 28.653610055014422 1.7606057578834569 2021 uid://A001/X15a2/X72b uid://A002/Xf5e73e/X16d1 2021.1.01089.S 586464
587742567322157192 0.044176 10.94 4.91421 156.03806646 17.05835288 3.0329785706789387 29.553478048885772 1.7605964267436234 2021 uid://A001/X15a2/X72b uid://A002/Xf5e73e/X16d1 2021.1.01089.S 33288
588848900465885460 0.056502 10.7512 2.80496 217.35941965 0.39756421 0.9617557417798047 10.251887857507457 0.5927956256239145 2017 uid://A001/X1273/X712 uid://A002/Xca3f23/X2005 2017.1.00601.S GAMA618906
587738568707604532 0.000704 6.01769 12.8853 194.66748078 14.21688636 2.0953809185563017 24.46557052600402 1.2637118263088833 2013 uid://A001/X144/X15 uid://A002/X95e355/X15f4 2013.1.00096.S DDO_155
587726877264249088 0.136618 10.8909 1.36391 315.99477989 -7.46735295 0.21265771475521808 3.4203465821120504 0.45121633612765655 2016 uid://A001/X87c/X357 uid://A002/Xc2c2f2/X1ef5 2016.1.01265.S 210358
587726031692824812 0.128077 10.6933 1.52046 136.95862734 1.02807357 0.5375424146843983 8.15311799287312 0.5254800582608236 2015 uid://A001/X5a3/X87 uid://A002/Xb6a8c1/X5e6c 2015.1.01012.S G09.v2.107
587736803470540958 0.021927 9.57324 6.80896 192.84720662 14.08138425 1.221627705874075 12.62136563950449 1.9479455847309206 2013 uid://A002/X95de6f/X5f uid://A002/Xa18feb/X71d 2013.1.00115.S 7598
587739811020079320 0.028212 10.6085 7.03012 204.68382396 26.32854109 1.729903417012313 21.490183245871172 0.728060884547303 2017 uid://A001/X1288/Xf11 uid://A002/Xd0e450/X92c3 2017.1.01093.S 8952-12701
587724240159834264 0.028064 10.7374 4.23138 57.69904137 -7.02877424 2.1289972660215697 20.318095433169677 1.0665600551919385 2017 uid://A001/X1288/Xf09 uid://A002/Xce3de5/X29e3 2017.1.01093.S 8728-3701
587731174378242099 0.026822 10.6387 7.80381 310.21701687 0.65276535 2.447876669463326 21.42761395998315 1.0504289154021642 2017 uid://A001/X1288/Xf01 uid://A002/Xced5df/Xe279 2017.1.01093.S 8623-12702
587741489300766802 0.022786 8.52963 6.00743 175.16369728 28.86085343 1.3838987571733883 15.4112390785721 1.9970227775533482 2015 uid://A001/X2fe/X82 uid://A002/Xb24884/X67e 2015.1.00587.S CIG494
587739506077663266 0.023364 10.4592 5.33148 177.15859337 32.64083833 1.4226423712988274 16.072175583765894 1.8230293884842121 2015 uid://A001/X2fe/X82 uid://A002/Xb24884/X67e 2015.1.00587.S CIG501
587736976347693299 0.013603 9.152 7.75206 235.15431967 26.34873323 1.3628268561029133 13.609120405927934 2.174113377311901 2013 uid://A001/X144/X1d0 uid://A002/Xa18feb/X135b 2013.1.00115.S 2408
587742628524720281 0.021778 9.38634 5.2236 222.03958802 14.13375468 1.2242709661813402 12.4970836613816 2.351958501610074 2013 uid://A001/X144/X1d8 uid://A002/Xa18feb/Xc9a 2013.1.00115.S 7316
587742575921594439 0.021369 9.51864 7.09952 223.46854777 15.18784956 1.2350282583149457 12.618040424994408 2.2174513993309493 2013 uid://A001/X144/X1d8 uid://A002/Xa18feb/Xc9a 2013.1.00115.S 6796
587736975275327817 0.024459 9.92719 7.51499 237.75756189 23.96011054 1.3322533496016067 13.176637250602907 2.247140636670646 2013 uid://A001/X144/X1d0 uid://A002/Xa18feb/X135b 2013.1.00115.S 10993
587742627987980483 0.018967 9.48115 6.51443 222.39090421 13.80694532 1.2230766313346262 12.472206499456751 2.2174485169467264 2013 uid://A001/X144/X1d8 uid://A002/Xa18feb/Xc9a 2013.1.00115.S 5082
587734892755353685 0.019702 10.5203 5.0616 185.13896918 9.85340423 1.226471740708161 12.229825101119198 2.2724762091574675 2013 uid://A001/X144/X1c8 uid://A002/Xa18feb/X959 2013.1.00115.S 5511
588017704006058105 0.016688 9.28454 4.38796 184.31893459 12.79523132 1.2568434384889158 12.576784721979708 2.142511178189442 2013 uid://A001/X144/X1c8 uid://A002/Xa18feb/X959 2013.1.00115.S 3856
587741722823688237 0.025179 10.5381 7.53263 194.73318076 27.8333836 1.7422053157091157 21.999578933232918 0.8144783299612822 2017 uid://A001/X1288/Xf0d uid://A002/Xd0e450/X8fd1 2017.1.01093.S 8950-12705
587739719757922345 0.028214 10.2304 6.79058 204.93395984 27.77646031 2.954983838862377 27.483630135096988 0.8660265642537113 2017 uid://A001/X1288/Xf15 uid://A002/Xcf04b6/Xf64 2017.1.01093.S 8952-6104
588015507657719904 0.045354 10.6409 4.60979 357.65176944 -1.12805687 2.1400568382370815 20.70124053083441 0.3810408201111075 2017 uid://A001/X1288/Xf05 uid://A002/Xcf525f/X4b6e 2017.1.01093.S 8655-12705
587727943490797666 0.11599 10.6882 1.25483 135.66137 1.54800239 1.6612450277760864 14.373721536073257 0.9800697896098535 2016 uid://A001/X8a6/X4f uid://A002/Xbbc4d2/X1ebc 2016.1.00329.S 13J090238.7+013253
587732772108042456 0.132161 10.3568 1.64675 133.57807821 6.77238065 0.1223868273546545 2.826960774723021 0.44127537481811574 2016 uid://A001/X8aa/X4a uid://A002/Xc446e7/X2ba7 2016.1.00852.S G08-5
587727943490797816 0.115525 10.9923 1.80851 135.64278207 1.42125101 1.6581961162451655 14.371698324604193 0.9800697476678835 2016 uid://A001/X8a6/X4f uid://A002/Xbbc4d2/X1ebc 2016.1.00329.S 12J090234.3+012518
587739646199201823 0.019555 9.40927 6.4956 144.98746049 24.95543617 1.3082543871274823 12.619779350049772 2.286373475447718 2013 uid://A001/X144/X1e0 uid://A002/Xa1a7ec/X23a 2013.1.00115.S 5456
587739647273533569 0.02342 9.82962 5.80309 146.15775221 26.18998584 1.3179633346644446 12.753391600704424 2.3044052751930026 2013 uid://A001/X144/X1e0 uid://A002/Xa1a7ec/X23a 2013.1.00115.S 9658
587739406766833786 0.017895 9.69856 6.62325 144.51098481 27.65657173 1.3373819534711688 13.056755442996598 2.179974785581146 2013 uid://A001/X144/X1e0 uid://A002/Xa1a7ec/X23a 2013.1.00115.S 4579
587736525906510055 0.1348 11.1693 1.92707 206.71285534 7.78860204 0.3850376528387596 15.315000944720335 0.5529459718526507 2019 uid://A001/X1465/X1fb uid://A002/Xeb121f/X2304 2019.1.01757.S IRAS_F13443+0802
587724240699064558 0.129827 10.7336 1.64388 63.08214392 -5.91350335 0.1302822961448409 2.782549477147345 0.472120581840456 2016 uid://A001/X8aa/X47 uid://A002/Xc44eb5/X2290 2016.1.00852.S G04-1
587726877262086322 0.141144 10.3631 1.07943 311.01214 -6.78275665 0.12943279567351668 3.465871491267239 0.47595031613569677 2016 uid://A001/X8aa/X44 uid://A002/Xc44eb5/X5be9 2016.1.00852.S G20-2
587727943490601114 0.05221 11.0416 7.75821 135.15833847 1.4699678 1.5766310380625024 15.717903884157835 1.2713975522547654 2016 uid://A001/X87d/Xbd1 uid://A002/Xbc0724/X1574 2016.1.00329.S 6J090038.0+012810
587731512085708963 0.039814 10.8845 4.72397 57.24298571 -0.52109991 2.2578506274872874 27.242413312511744 0.8126751000810171 2017 uid://A001/X1288/Xee9 uid://A002/Xce3de5/X2b0a 2017.1.01093.S 8086-9101
587736543624036453 0.053785 11.4599 7.8486 204.05601111 10.47820108 2.180634652751995 20.320963696751935 0.9255401974032794 2015 uid://A001/X2f7/X361 uid://A002/Xaef195/X64b0 2015.1.00389.S AGC_8585
587731186724569574 0.054027 10.6099 4.9601 322.98051569 0.21380748 2.5341305466750232 23.4527779747079 0.42203859033702346 2017 uid://A001/X1288/Xefd uid://A002/Xcef406/X4341 2017.1.01093.S 8616-6104
587742550147137777 0.04431 9.63184 10.7391 226.9001644 14.54994345 2.292692419126125 22.52347671126072 0.8804925975942415 2015 uid://A001/X2f7/X369 uid://A002/Xaf2188/X12ee 2015.1.00389.S AGC_9727
588017703482228913 0.055968 11.0158 7.50354 214.70207904 10.84381909 2.3089705133531866 25.15559464668116 1.1659725215723566 2015 uid://A001/X2f7/X365 uid://A002/Xaf05a3/X6939 2015.1.00389.S AGC_9162
588015509291597939 0.035683 10.5001 3.97191 50.74164625 0.05413849 2.5700320876972107 25.163651010156215 1.0278932231158802 2017 uid://A001/X1288/Xee1 uid://A002/Xcfe75c/X81b4 2017.1.01093.S 8084-6103
587730847427265072 0.033194 10.7194 5.43936 319.91975399 0.1209354 2.4617599852722925 21.662702107028046 0.5250698956076877 2017 uid://A001/X1288/Xef1 uid://A002/Xced5df/Xe54d 2017.1.01093.S 8615-9101
588848900966514994 0.052361 10.8919 4.21978 134.61916831 0.63711334 1.5741338869468358 15.669392719549123 1.2713966285731704 2016 uid://A001/X87d/Xbd1 uid://A002/Xbc0724/X1574 2016.1.00329.S 3J085828.5+003814
587745540509532541 0.046808 11.0192 9.93965 130.83912964 10.72608285 2.1963783616163797 21.309293541965054 0.9989860177777874 2015 uid://A001/X2f7/X34d uid://A002/Xaecf7b/X3f78 2015.1.00389.S AGC_4552
587741533326868609 0.000923 7.80659 14.8725 182.64703357 30.39830769 1.739230831403588 29.402259826331004 1.078453701425756 2015 uid://A001/X2f7/X2a5 uid://A002/Xaeaf96/X3505 2015.1.00820.S NGC_4150
587741421095747619 0.047573 10.7149 4.73577 119.22578617 14.64106668 2.260552625403267 21.798558724467785 0.7949559097241674 2015 uid://A001/X2f7/X349 uid://A002/Xaec9ef/Xc9f 2015.1.00389.S AGC_174522
588848899357147464 0.04832 10.5237 1.75604 137.46833747 -0.50464337 1.57078616661458 15.52250747416003 1.2713996546763917 2016 uid://A001/X87d/Xbd1 uid://A002/Xbc0724/X1574 2016.1.00329.S 9J090952.3-003019
587725075528417541 0.054456 10.7303 2.4098 138.02436975 0.44889187 1.579917605032317 15.57291814849268 1.271400652190634 2016 uid://A001/X87d/Xbd1 uid://A002/Xbc0724/X1574 2016.1.00329.S 1J091205.8+002656
588015507681116279 0.025227 10.5212 6.27703 51.02711718 -1.05784959 2.4825352758916543 23.82733943959092 0.8256298817665086 2017 uid://A001/X1288/Xee5 uid://A002/Xcfc232/X6186 2017.1.01093.S 8084-12705
587731512619630623 0.02535 10.3251 6.4624 50.39146198 -0.17839962 2.6171383907793926 24.06462182885433 0.888622591005482 2017 uid://A001/X1288/Xec5 uid://A002/Xced5df/X5831 2017.1.01093.S 8081-12703
587736541485400245 0.140092 11.2904 2.36214 224.37927165 7.05918543 0.711041019330994 7.1226862358776115 0.8032932734292461 2012 uid://A002/X5d7935/X2e8 uid://A002/X8a5fcf/X80 2012.1.00539.S Q14550+0715
587726032234610739 0.073934 11.2523 4.15776 148.11578256 1.68927588 1.1385317708988987 9.979839924302329 0.759584142109129 2012 uid://A002/X5d7935/X2e0 uid://A002/X856bb8/Xe15 2012.1.00539.S Q09498+0155
588017704535785482 0.042633 10.4375 4.9043 167.4554179 12.77148062 2.2146662774005437 21.36751717993634 0.9261524647756523 2015 uid://A001/X2f7/X359 uid://A002/Xaecf7b/X42c3 2015.1.00389.S AGC_6206
587731512619434064 0.03695 10.9101 4.74761 49.94013207 -0.07720499 2.7138502179837865 24.97931135155637 0.7655020970231374 2017 uid://A001/X1288/Xec9 uid://A002/Xcfe75c/X79bd 2017.1.01093.S 8081-6102
587727220859011175 0.029296 10.5502 6.09301 318.99043808 9.54310419 2.609682875985746 23.425065834643355 0.9833258419174477 2017 uid://A001/X1288/Xeb9 uid://A002/Xcef406/Xbaf2 2017.1.01093.S 7815-12705
588017703458111630 0.049831 11.2021 11.0312 158.47234732 11.20705368 2.2072948394512295 21.3839661878094 0.9293671445691002 2015 uid://A001/X2f7/X355 uid://A002/Xaecf7b/X424e 2015.1.00389.S AGC_5737
587731185650565143 0.030256 10.7453 2.57975 322.30215239 -0.62174374 2.4423679191729892 22.62371473629089 0.6250295409305394 2017 uid://A001/X1288/Xef9 uid://A002/Xcef406/Xbd44 2017.1.01093.S 8616-1902
587726015085478016 0.094153 11.2942 3.69493 217.79562832 1.94776192 1.093970237728732 9.502365426051137 0.8689823559704117 2012 uid://A002/X5d7935/X2f2 uid://A002/X856bb8/X1eda 2012.1.00539.S Q14286+0210
587731512081580233 0.028085 10.4642 5.55572 47.7721595 -0.54650521 2.3473570132790367 21.4808949775411 0.8070503889668508 2017 uid://A001/X1288/Xed1 uid://A002/Xcfc232/X559f 2017.1.01093.S 8081-9101
588015507682295979 0.037144 11.1674 5.73878 53.81411231 -1.22858929 2.22183163030991 21.188322049220986 1.4027451347553477 2017 uid://A001/X1288/Xeed uid://A002/Xce3de5/X2a6c 2017.1.01093.S 8155-6101
587742628533174350 0.040509 10.8925 8.49319 241.4086491 10.03540751 2.284293421965517 23.949506464152062 0.8576126820921098 2015 uid://A001/X2f7/X36d uid://A002/Xaf2188/X4a78 2015.1.00389.S AGC_260164
587726032228188446 0.04407 10.1912 2.77952 133.52458939 1.19185948 2.355382734121509 23.32345047034142 2.739544912726118 2013 uid://A001/X147/X2e1 uid://A002/X9a5759/X168b 2013.1.00530.S HOT2_EI_CII_G09.v2.137
587727944027996390 0.051884 10.6183 3.24673 136.38581099 2.03944576 2.356778067827735 23.67459813352325 2.7395539952623387 2013 uid://A001/X147/X2e1 uid://A002/X9a5759/X168b 2013.1.00530.S HOT2_EI_CII_G09.v2.58
587727942952681722 0.026687 9.94799 2.92674 132.80361802 1.06189984 2.3514615240166106 23.149984814595335 3.224379352603969 2013 uid://A001/X147/X2e1 uid://A002/X9a5759/X168b 2013.1.00530.S HOT2_EI_CII_G09.v2.235
587727943490273729 0.070895 10.5351 1.69034 134.47149881 1.3922359 2.3980539919190953 23.11983897829341 2.054743647806256 2013 uid://A001/X147/X2ce uid://A002/X9a24bb/X184b 2013.1.00058.S HATLAS_J085753.1+012332
587727942952550837 0.069942 10.0358 2.13343 132.59045641 1.08402337 2.3918268794516617 22.821023328574746 2.0547392143005605 2013 uid://A001/X147/X2ce uid://A002/X9a24bb/X184b 2013.1.00058.S HATLAS_J085021.6+010503
587727944562573646 0.078636 10.8087 2.92568 131.11847436 2.11645724 2.47256535250663 25.22848023079871 2.323048288620827 2013 uid://A001/X147/X2e5 uid://A002/X9a5759/X13e6 2013.1.00530.S HOT2_EI_CII_G09.v2.77
587736619862524209 0.077895 11.2682 4.95098 242.47232317 26.62584729 3.0350349551097997 30.47866208702251 0.6680445817070564 2019 uid://A001/X1465/X18db uid://A002/Xe5ed76/X21667 2019.1.01136.S 9088-9102
588015509826830376 0.074304 10.9613 2.67752 47.0294424 0.45621817 2.7959759380009044 26.659128014667903 1.521728361149906 2019 uid://A001/X1465/X18af uid://A002/Xe5aacf/X54ef 2019.1.01136.S 9194-3702
587727944563687568 0.058314 11.0363 3.85197 133.70923962 2.20232633 2.481785222402072 26.14015646530131 2.5138083512194442 2013 uid://A001/X147/X2e5 uid://A002/X9a5759/X13e6 2013.1.00530.S HOT2_EI_CII_G09.v2.38
587726032227008788 0.077701 10.3341 1.66023 130.77147278 1.14877463 2.4756987624258002 25.141582295365843 2.3230471891841558 2013 uid://A001/X147/X2e5 uid://A002/X9a5759/X13e6 2013.1.00530.S HOT2_EI_CII_G09.v2.167
588015509828075795 0.024681 9.28114 4.34458 49.94683892 0.62380534 2.687956722945815 25.781105810455017 0.540317926537293 2019 uid://A001/X1465/X18c7 uid://A002/Xe5ce70/X3ca 2019.1.01136.S 8081-3702
587726032766828783 0.181858 11.3488 1.97104 137.45671026 1.81320872 2.357840943007472 23.640516892614993 2.894553275781951 2013 uid://A001/X147/X2e1 uid://A002/X9a5759/X168b 2013.1.00530.S HOT2_EI_CII_G09.v2.26
587725074990235725 0.053856 10.876 2.69035 135.02105889 0.07966572 2.346016147410021 23.485066093964882 2.7395492627951326 2013 uid://A001/X147/X2e1 uid://A002/X9a5759/X168b 2013.1.00530.S HOT2_EI_CII_G09.v2.55
588015509291991180 0.020477 9.73813 4.04891 51.70889625 0.19859205 2.4899999732347897 23.503319678857267 1.508249615214283 2019 uid://A001/X1465/X18cb uid://A002/Xe50c9e/X1694d 2019.1.01136.S 8085-6104
587730847963022072 0.024229 9.45384 2.74141 317.42259933 0.62777493 2.5179516152346015 24.32875485667006 1.0134719962236813 2019 uid://A001/X1465/X18c3 uid://A002/Xe407cf/X77ae 2019.1.01136.S 7964-1902
588848900429185386 0.050439 10.7103 3.83826 133.44328862 0.21454211 2.339052004340892 23.051225349729595 2.739544380514603 2013 uid://A001/X147/X2e1 uid://A002/X9a5759/X168b 2013.1.00530.S HOT2_EI_CII_G09.v2.45
587726033300881540 0.025552 10.3121 4.67893 131.11856269 2.063963 2.359094445458115 22.786660872639697 3.224373545879802 2013 uid://A001/X147/X2e1 uid://A002/X9a5759/X168b 2013.1.00530.S HOT2_EI_CII_G09.v2.52
587727943489552760 0.059454 10.9855 4.13729 132.7975695 1.50169491 2.478349104330944 25.5876434928152 2.5138055743570002 2013 uid://A001/X147/X2e5 uid://A002/X9a5759/X13e6 2013.1.00530.S HOT2_EI_CII_G09.v2.60
588015508220674193 0.040288 9.96819 2.00221 57.17357643 -0.65100339 2.5193803728301947 23.756760082821522 1.4275737854037587 2019 uid://A001/X1465/X18cf uid://A002/Xe50c9e/X1679f 2019.1.01136.S 8086-3704
587728879256207619 0.096023 10.7525 3.98211 130.57449749 2.20645141 2.512379001332088 24.301847394495937 2.4366572343510606 2013 uid://A001/X147/X2e9 uid://A002/X9a5759/X1ac1 2013.1.00530.S HOT2_EI_CII_G09.v2.232
587732156852797555 0.028092 10.3272 4.1606 120.05959649 26.6980009 2.9318775215301422 27.988945572142878 0.7210756696569443 2019 uid://A001/X1465/X18d7 uid://A002/Xe50c9e/X180f7 2019.1.01136.S 8941-3701
588848900429185433 0.050844 10.2667 3.93401 133.48520203 0.21556504 2.340128879660536 23.290958832517564 2.7395445532883738 2013 uid://A001/X147/X2e1 uid://A002/X9a5759/X168b 2013.1.00530.S HOT2_EI_CII_G09.v2.170
588848900966449330 0.071769 10.6361 1.3274 134.45025588 0.77814522 2.474642511362317 25.690642778096468 2.5138100472018854 2013 uid://A001/X147/X2e5 uid://A002/X9a5759/X13e6 2013.1.00530.S HOT2_EI_CII_G09.v2.48
588848899357147414 0.070138 10.6662 2.94378 137.42007561 -0.4662267 2.3920210951090732 22.76165146303679 1.9547292590233658 2013 uid://A001/X147/X2d2 uid://A002/X9a24bb/X1bd0 2013.1.00058.S HATLAS_J090940.8-002757
587725073918722357 0.067508 9.94286 1.96788 140.13189893 -0.82728222 2.3885324489751114 22.69848759437458 1.9547352294214229 2013 uid://A001/X147/X2d2 uid://A002/X9a24bb/X1bd0 2013.1.00058.S HATLAS_J092031.6-004936
587726032765059337 0.04101 10.4956 6.04436 133.41969201 1.56350665 2.3594629379267222 23.374645885326355 2.7395446983627725 2013 uid://A001/X147/X2e1 uid://A002/X9a5759/X168b 2013.1.00530.S HOT2_EI_CII_G09.v2.103
588848899895853247 0.070914 9.97046 1.94721 141.56064083 -0.12907227 2.3909199479967715 22.65754686203286 1.9547385556777725 2013 uid://A001/X147/X2d2 uid://A002/X9a24bb/X1bd0 2013.1.00058.S HATLAS_J092614.4-000744
587741602576007250 0.035457 10.5177 4.83485 203.05703123 26.94996825 2.9591016343447354 26.896284469104355 1.6174264266933462 2019 uid://A001/X1465/X18bb uid://A002/Xe3f5bb/X4270 2019.1.01136.S 8982-6104
587725073918722287 0.070227 10.9366 4.24396 140.06153236 -0.7248633 2.3897241330687655 22.713225439443665 1.9547350706419038 2013 uid://A001/X147/X2d2 uid://A002/X9a24bb/X1bd0 2013.1.00058.S HATLAS_J092014.6-004328
587726032227336433 0.069964 10.5316 2.27111 131.46700511 1.18909037 2.3888965071533756 22.78270565271866 2.0547366367308126 2013 uid://A001/X147/X2ce uid://A002/X9a24bb/X184b 2013.1.00058.S HATLAS_J084552.0+011121
588015509828075649 0.024364 10.0625 6.65803 49.92932926 0.56545578 2.5463461339423996 25.05451950520256 0.5499595771396364 2019 uid://A001/X1465/X18b7 uid://A002/Xe50c9e/X16a95 2019.1.01136.S 8083-12703
587726032764076412 0.070403 10.4109 2.26431 131.24377506 1.6744312 2.3923987137908416 22.842337744871138 2.0547362139856573 2013 uid://A001/X147/X2ce uid://A002/X9a24bb/X184b 2013.1.00058.S HATLAS_J084458.3+014027
587731512082301077 0.021132 9.93911 3.90639 49.45745385 -0.55465101 2.6978580748218928 25.33654207403451 1.922694102450738 2019 uid://A001/X1465/X18ab uid://A002/Xe5aacf/X5271 2019.1.01136.S 8080-3704
587726032228909342 0.071052 10.7386 2.24244 135.14244377 1.31591094 2.4124212396322635 22.853270831748386 1.954724608402811 2013 uid://A001/X147/X2d2 uid://A002/X9a24bb/X1bd0 2013.1.00058.S HATLAS_J090034.2+011856
587727943492894870 0.071088 10.3242 2.812 140.37968856 1.57524396 2.4141770434597523 22.757543234552443 1.9547362578923497 2013 uid://A001/X147/X2d2 uid://A002/X9a24bb/X1bd0 2013.1.00058.S HATLAS_J092131.0+013432
587725074455724392 0.069251 10.4671 2.17164 140.48620255 -0.26086957 2.3935291238544303 22.693127555091127 1.9547361449848817 2013 uid://A001/X147/X2d2 uid://A002/X9a24bb/X1bd0 2013.1.00058.S HATLAS_J092156.5-001538
587731186203230385 0.022037 9.45234 2.71506 358.46880418 -0.09871525 2.546204007762459 25.291556261262123 1.538959311974932 2019 uid://A001/X1465/X18bf uid://A002/Xe50c9e/X149cf 2019.1.01136.S 8655-1902
588010359075700997 0.289915 12.1422 2.86575 155.91514303 4.18629404 2.5405738439057073 29.53612329707457 0.5317555673984132 2018 uid://A001/X133d/X26c4 uid://A002/Xd8978c/X1b73 2018.1.00940.S zwicky_3146
587736547388031357 0.022234 9.39043 7.52105 232.54558118 5.83849046 1.175461765118672 12.144078679541494 2.007039123294611 2013 uid://A002/X9908b7/X1f uid://A002/Xa18feb/Xefd 2013.1.00115.S 7987
587732053236384121 0.026638 10.8478 7.10436 119.31438242 27.49601721 2.8576552659354872 27.004029852279057 0.6457203669598343 2019 uid://A001/X1465/X2a75 uid://A002/Xe5ed76/X1595c 2019.1.00597.S 8149-12704
587727220865040712 0.027062 10.3625 3.40334 332.79873079 11.800747 2.4558358062307972 26.45108360719797 0.7654214394680967 2015 uid://A001/X2fa/X53 uid://A002/Xaea19c/X1f2f 2015.1.01225.S manga_7977-3704
587730772799914185 0.078954 10.9574 3.16712 324.89156234 10.48348826 1.7513260004186042 21.390198603473262 0.7423126602128438 2019 uid://A001/X1465/X34f9 uid://A002/Xe2eefc/X8f6d 2019.1.00260.S PM2_7975_6104
587731187798507929 0.086001 11.0473 3.94919 323.40752218 1.07095399 1.7392692675786696 20.41735690962476 0.4928959716144725 2019 uid://A001/X1465/X34dd uid://A002/Xe34c04/X105b 2019.1.00260.S CP_7968_12705
587741721753354398 0.036883 11.021 6.16032 203.38772374 26.27196344 1.392324990897827 15.300578003384752 1.0774519505687397 2015 uid://A001/X2fa/X33 uid://A002/Xb28642/Xab44 2015.1.00320.S 2MASXJ13333299+2616190
587741386202218596 0.026862 10.3222 4.63289 127.63198907 18.20610309 2.8087418100271795 27.649572683952723 0.473366160481103 2019 uid://A001/X1465/X34e1 uid://A002/Xe3a5fd/X1c8b 2019.1.00260.S CP_8241_12705
587731511541432411 0.038198 9.27281 3.97176 40.30388682 -0.87692516 2.571329343408198 24.500384266994757 0.8007143562702272 2019 uid://A001/X1465/X34f5 uid://A002/Xe3a5fd/Xb00 2019.1.00260.S PM2_8153_12702
588848900431216934 0.054463 10.7629 4.0257 138.15123729 0.30950285 2.390516880274013 23.316363955547594 0.5473561139494911 2019 uid://A001/X1465/X34f1 uid://A002/Xe37224/X1431b 2019.1.00260.S PM1_9512_3704
587724197746311240 0.06422 11.266 4.64896 27.84278643 13.06035405 1.7412246087724879 21.421219292715545 1.2108620248096627 2019 uid://A001/X1465/X34ed uid://A002/Xe2eefc/X2470 2019.1.00260.S PM1_9195_3702
588848899376939030 0.034899 11.0095 5.65518 182.57448698 -0.51789345 1.5058116562732398 13.01531995427392 0.7967502293490661 2015 uid://A001/X2fa/X3f uid://A002/Xb09eed/X8b80 2015.1.00320.S CGCG013-092
587726032263446738 0.082139 11.493 5.23955 214.04927841 1.86797804 1.7531852522682456 15.50720199798204 0.6639845860588097 2015 uid://A001/X2fa/X3b uid://A002/Xb18ac0/X20ab 2015.1.00320.S 2MASXJ14161186+0152048
587741721750143182 0.078122 10.9342 4.51606 195.25359909 27.02543397 1.5016443215378377 16.686361958467227 0.9039029372589495 2015 uid://A001/X2fa/X47 uid://A002/Xb28642/X9da6 2015.1.00320.S 2MASXJ13010083+2701312
587736543088672829 0.132487 11.8549 6.87314 207.5921893 9.66965273 0.7100515608721518 10.872195183617883 0.4242506312180322 2017 uid://A001/X1284/X3bd uid://A002/Xd20b17/X4aa7 2017.1.00629.S RXCJ1350.3+0940
587739827676053820 0.109706 11.603 6.36143 240.90860976 15.90071268 0.7312101352052415 11.587214833725112 0.5955190832125807 2017 uid://A001/X1284/X3d5 uid://A002/Xd20b17/X5b8f 2017.1.00629.S RXCJ1603.6+1553
587730848501530706 0.019859 8.94949 3.27708 321.07217669 1.02838526 2.3128097023017222 22.446257253319867 0.6308168491944021 2019 uid://A001/X1465/X34e5 uid://A002/Xe37224/X110df 2019.1.00260.S PM1_8615_1901
587731186738725056 0.276921 12.0727 3.75659 355.27875468 0.30926873 0.3447329430993616 6.124931646936452 0.7303905903686503 2017 uid://A001/X1284/X3e5 uid://A002/Xc89480/X10c4c 2017.1.00629.S RXCJ2341.1+0018
587739651034054894 0.089666 11.2775 4.16054 238.03796015 20.09672213 0.3834817636034995 7.2953049650163955 0.5055528761684291 2015 uid://A001/X2fe/X5fd uid://A002/Xb825df/X4f02 2015.1.01120.S 3C326N
587734862146830473 0.049107 10.6394 2.73693 155.00085726 8.22605056 1.6172556340847637 14.267934345535336 0.5806694248260323 2016 uid://A001/X87a/X27a uid://A002/Xbc4a22/X1610 2016.1.00177.S IRAS_F10173+0828
587731512083087420 0.036815 10.6768 4.45073 51.15551055 -0.44403283 2.491021806496792 23.482062668612656 1.1776438085213619 2019 uid://A001/X1465/X3505 uid://A002/Xe3a5fd/X10fb 2019.1.00260.S WP_8085_3704
587730847423791750 0.024669 10.2167 2.19822 312.02361024 0.06884447 2.047624528751701 21.596585988416255 0.6589218325110998 2019 uid://A001/X1465/X3515 uid://A002/Xe37224/Xbf04 2019.1.00260.S PM1_8623_1902
587731185650827595 0.091797 11.0666 2.40613 322.90884307 -0.60820117 1.6757304483623505 20.20664955588596 0.5031474588614014 2019 uid://A001/X1465/X3519 uid://A002/Xe2eefc/Xb219 2019.1.00260.S WP_8616_9101
587724198283247682 0.056669 10.783 4.40456 28.07921485 13.63406024 2.0548040076498086 23.753988509081626 0.5036141681656644 2019 uid://A001/X1465/X3529 uid://A002/Xe37224/Xd650 2019.1.00260.S CP_9195_9101
587724234256351256 0.02694 10.2701 4.15368 29.05220916 14.9066645 1.6948345204854829 20.368075917073035 0.6675661608663263 2019 uid://A001/X1465/X351d uid://A002/Xe2eefc/X2679 2019.1.00260.S PM1_9195_3703
587731513153159199 0.044239 10.0525 3.01297 42.73942039 0.36939825 2.5881704788894653 25.757169411445165 0.409331435298235 2019 uid://A001/X1465/X3511 uid://A002/Xe3a5fd/Xce71 2019.1.00260.S CP_8078_6104
587726016160727273 0.190579 11.1695 2.61514 221.32868592 2.83675406 1.5441550679970297 14.272295396255508 0.611858087906798 2015 uid://A001/X2fe/X183 uid://A002/Xb08ef9/X772e 2015.1.00405.S AGC249559
587726100411121941 0.245468 11.2589 2.48899 216.89873732 3.57619308 1.6313328853486138 14.523605321348068 0.4992325291725493 2015 uid://A001/X2fe/X177 uid://A002/Xb09eed/X2d49 2015.1.00405.S AGC242147
587729160054833498 0.175406 10.7769 3.60299 228.40534623 4.32253589 1.2081676682347036 16.261699471661778 0.58138376755979 2015 uid://A001/X2fe/X173 uid://A002/Xb08ef9/X104f 2015.1.00405.S AGC252580
587726102556180606 0.195394 11.029 3.12167 211.34468727 5.47073595 1.5934242843083914 16.27298288890164 0.5247381573338126 2015 uid://A001/X2fe/X17b uid://A002/Xb07033/X845 2015.1.00405.S AGC242091
587727943492698312 0.176348 10.8916 2.02607 139.98750923 1.64767043 1.5495722741056963 14.899536536169363 0.5526353716160552 2015 uid://A001/X2fe/X17f uid://A002/Xb020f7/X1520 2015.1.00405.S AGC191728
587741533840670747 0.037222 10.4568 5.11312 126.05963334 17.33196281 3.015736906246772 27.67854233636856 1.1026481968414523 2021 uid://A001/X1590/X344f uid://A002/Xf656ba/X7725 2021.1.00094.S 587741533840670747_8241-6102
587731512617664623 0.027583 10.3171 7.13744 45.96024771 -0.20444277 2.7864230290293843 26.164337499273735 0.9293558709592852 2021 uid://A001/X1590/X344b uid://A002/Xf5c3d2/X19bd 2021.1.00094.S 587731512617664623_8154-9102
