#objID z mass rpetro ra dec res mrs AL AC TP year mui guid auid proj sens_10kms
587726015087575099 0.069388 10.6482 1.95595 222.57934753 1.86813388 0.069388 1.7326836874595628 2017
587726015620317332 0.068509 10.6082 1.9477 213.14802 2.52503495 0.068509 1.0512567500687395 2017
587726014550704284 0.069134 10.2772 2.94058 222.55481712 1.35674863 0.069134 1.7306559707937716 2017
587726033339351192 0.065314 10.2395 2.12357 219.00694845 2.49281274 0.065314 1.7290111920917812 2017
587724232639774853 0.040852 10.5623 7.4104 14.95303577 14.72351699 0.040852 1.2271762828963841 2021
588848901003346106 0.07201 10.2259 3.26406 218.62970036 0.69244018 0.07201 1.7499816343380576 2017
587726015086723332 0.067333 10.5659 2.52563 220.68457199 1.97961388 0.067333 1.7624829905872923 2017
587729776375562308 0.216822 11.4747 2.0658 226.03129936 -2.80460515 0.216822 0.5790669780272801 2016
587722984441250023 0.069836 10.2037 1.43384 218.4033167 0.84523843 0.069836 1.0556159421523095 2017
587726032266789096 0.068752 10.2913 3.41975 221.71705938 1.66996109 0.068752 1.7816628693309706 2017
588848899928490158 0.066164 10.0393 2.18613 216.06975936 -0.03842896 0.066164 1.0489054311023012 2017
588848899391750403 0.073155 10.066 3.71648 216.49658371 -0.59821264 0.073155 1.049374789962807 2017
587722984438235345 0.07191 10.5795 2.52984 211.53408245 0.91743956 0.07191 1.0416516967691931 2017
587731186187632690 0.030211 10.2159 6.04244 322.7494346 -0.00058493 0.030211 2.5246994627122707 2018
588015508213989555 0.045791 10.4951 6.22722 42.03277806 -0.75229963 0.045791 1.5997455072318256 2018
587741490891325518 0.065923 10.9641 4.65495 126.56889413 17.36243629 0.065923 1.802881857888766 2018
588015508731723912 0.0448 10.0282 3.68743 358.22185487 -0.38246922 0.0448 1.5749122590994387 2018
587731513694355564 0.030601 10.2378 6.0651 52.62136726 0.75206357 0.030601 2.213150445108856 2018
587731187797393472 0.018303 10.0825 3.58846 320.82655503 1.25503174 0.018303 2.5166597226963443 2018
587731511545233578 0.026797 10.4409 7.56408 48.89644156 -1.01627288 0.026797 1.7450853432403626 2018
587742903401119752 0.020648 9.48084 1.12863 192.06345664 17.77401277 0.020648 1.0970113909870611 2017
587741421099155681 0.028862 9.77883 4.86483 126.46116245 18.16669719 0.028862 1.735287599082053 2018
587727221402042402 0.027587 10.0418 4.25271 333.05203457 12.20518369 0.027587 1.7069603917374765 2018
587742060530696249 0.041806 10.134 5.1989 171.74883903 21.14169293 0.041806 1.8002203067212206 2018
587731511545626673 0.053812 10.0347 2.8611 49.82143689 -0.96964645 0.053812 1.6159977228975666 2018
587731512619696292 0.021785 10.2559 4.36287 50.63658867 -0.00119968 0.021785 2.1919269297567787 2018
587731185665638418 0.071143 11.1262 3.6788 356.75181707 -0.44740504 0.071143 1.585310293133715 2018
587731173842027508 0.096831 11.1227 2.40581 311.78094669 0.3004667 0.096831 2.4083466505661293 2018
588015510364880957 0.023897 9.76272 5.17223 49.78215908 0.95595472 0.023897 2.5974896416081967 2018
587727221396013696 0.043026 10.2544 3.56806 319.27145783 9.97231023 0.043026 2.567302755309023 2018
587731511542022280 0.042889 10.4903 3.46663 41.64309665 -0.84352942 0.042889 2.449759976812857 2018
587726015626805415 0.219451 11.2813 0.798089 228.06559398 2.05470349 0.219451 2.789495768173437 2022
587742614561882441 0.039083 10.7334 5.67999 240.30948044 14.07877835 0.039083 1.0674456643081736 2021
587742061095944550 0.034596 10.3234 1.70628 239.55486919 13.16883196 0.034596 1.0667656811947175 2021
587726015069421736 0.020141 9.10744 5.46431 181.12450478 2.44849647 0.020141 2.3490133316102435 2016
587726013996466476 0.021005 8.48408 4.09881 182.98976807 1.48924642 0.021005 2.415062196163024 2016
587726015069421743 0.019995 9.12565 5.46958 181.12843767 2.34338182 0.019995 2.3190246811452333 2016
587726031176138910 0.020376 9.21577 6.49133 183.03838927 1.31148674 0.020376 2.3741192388605006 2016
588010359607656603 0.023032 10.8937 6.08612 144.57664574 4.09414119 0.023032 2.1791957086474985 2016
588010359607656594 0.023793 8.98387 6.21291 144.56208611 4.15262692 0.023793 2.081874672547383 2016
587726015069421749 0.019968 9.58254 3.29956 181.13412614 2.4531039 0.019968 2.345690848615112 2016
587726031176138762 0.020905 9.52049 7.15051 182.99771303 1.35003785 0.020905 2.439669054664597 2016
587726033309335775 0.123606 11.2869 2.84131 150.40387927 2.50887531 0.123606 1.7668884175614072 2018
587727944034091092 0.121664 10.9472 2.53404 150.31973925 2.28672849 0.121664 1.7655838437406706 2018
587727944034091201 0.122951 10.6675 2.44488 150.33559079 2.30491993 0.122951 1.7677475221278491 2018
587735043075211514 0.035737 9.81652 4.01541 128.80270947 28.62208902 0.035737 1.1703332845371273 2022
587735236883513572 0.038334 9.3347 3.97284 124.54792697 26.65392774 0.038334 1.157912807195212 2022
587738946663416023 0.039403 9.34661 3.62627 131.24447527 25.73926376 0.039403 1.1395311940398591 2022
588297864172929272 0.036532 9.49815 4.2086 122.72710985 26.69677621 0.036532 1.1569996970553946 2022
587741815710679234 0.032438 10.1817 6.14102 154.91469975 21.28814218 0.032438 1.0900595797276889 2022
587742013807198300 0.030901 10.3676 4.0394 151.79241212 18.95059336 0.030901 1.0738952373654662 2022
587741816782520492 0.029963 9.90864 6.91743 150.13074073 21.00212559 0.029963 1.087820913756903 2022
587734621630431417 0.02999 10.5515 3.78687 128.13732177 29.93810981 0.02999 1.184984426114058 2022
588017567096307746 0.031042 9.37195 2.95174 175.41493587 12.8021331 0.031042 1.0457789747914923 2022
587739719215415412 0.035034 10.288 3.7308 190.36672793 28.79118896 0.035034 1.1240305846881815 2022
588023669708816634 0.035618 9.49906 4.21313 184.56088849 20.33346652 0.035618 1.0846985121189092 2022
587742614559785152 0.042107 10.0654 4.45479 235.62537985 15.79056176 0.042107 1.0612318089348594 2022
588017702393282739 0.030646 9.38479 4.17985 179.14710457 11.58993153 0.030646 1.0347120743101867 2022
587742551761027182 0.038525 10.4046 2.68675 234.78279248 14.02308117 0.038525 1.052001254008306 2022
587742629067489627 0.037239 10.1245 4.37507 235.81642878 11.80807144 0.037239 1.0344047062415835 2022
587739720302329929 0.021465 10.3702 3.68002 223.63176475 24.0272692 0.021465 1.0905950992724964 2022
587742062148911209 0.035623 9.93962 4.8027 190.36508714 22.93077786 0.035623 1.075812559827394 2022
587742615097442546 0.038242 10.1579 4.4184 237.47440053 15.41558492 0.038242 1.0610403956874006 2022
587736899038019890 0.041346 9.31455 3.43033 242.75054806 28.0853332 0.041346 1.1805609204357106 2022
587739380989034622 0.027361 9.74032 2.57418 221.69011817 29.17628712 0.027361 1.1248757378895267 2022
587739828204077236 0.01759 9.96569 6.42864 220.92378795 23.01872766 0.01759 1.0827814979735655 2022
588017566023221411 0.030748 9.29918 4.26611 177.00091683 12.11351928 0.030748 1.0396723474281162 2022
588017703476985965 0.026234 9.96145 6.19852 202.40178913 11.81392957 0.026234 1.0214987173468035 2022
588848900466213053 0.035564 9.30252 5.16701 218.05118084 0.22324505 0.035564 1.0054750320490953 2017
588848900465885460 0.056502 10.7512 2.80496 217.35941965 0.39756421 0.056502 0.9617580149974299 2017
587726033304944826 0.05041 10.7247 4.19606 140.29344703 2.20123436 0.05041 1.0157176872375742 2017
587726014548476140 0.027137 9.51405 4.91188 217.52015311 1.53684563 0.027137 1.042691947961189 2017
588848899394568318 0.043386 10.8351 3.42287 222.80167403 -0.45687693 0.043386 1.0372758699177405 2017
588848899892773131 0.028563 9.42425 2.9148 134.52337257 -0.02114556 0.028563 1.0156508171644907 2017
588848899390046433 0.025776 9.3399 3.99457 212.55950089 -0.57853003 0.025776 0.9834812916954407 2017
588848900465950856 0.034456 9.64543 3.29034 217.55201758 0.33357014 0.034456 1.02066058294366 2017
587726014546641125 0.025878 9.57757 5.03035 213.32890889 1.66440168 0.025878 1.0030032267623359 2017
587729779054084193 0.054173 10.4879 3.40163 212.5918663 -1.1149946 0.054173 0.9699420555885413 2017
587726014011539630 0.029753 9.44652 3.24619 217.38574581 1.11738209 0.029753 1.0303475654624696 2017
587722984440135850 0.040088 10.4676 4.06591 215.90105241 1.00760341 0.040088 1.0196369154833484 2017
588017990685098068 0.045324 11.0259 4.78797 193.56199972 9.44151036 0.045324 2.6210195183545837 2021
588017992295972989 0.046308 11.1606 5.23197 194.26874686 10.6207147 0.046308 2.6402852356684856 2021
587729774759313429 0.050129 10.4968 5.45806 214.02131611 -1.25968922 0.050129 2.6653892674563853 2021
587722982291865751 0.048882 10.9458 6.57337 214.12063124 -0.74387217 0.048882 2.6683100162968527 2021
588017704013856887 0.040545 10.8468 4.49301 202.42859773 12.1901531 0.040545 2.6451093826093715 2021
588017704013856887 0.040545 10.8468 4.49301 202.42859773 12.1901531 0.040545 2.6451093826093715 2021
587738570322870287 0.042397 11.1013 6.69034 205.59955108 14.73913043 0.042397 2.685893854445724 2021
587735348562624651 0.046138 11.0302 5.96178 155.41192846 13.31266586 0.046138 2.9431904325276377 2021
587742774014902428 0.048301 10.7022 3.25915 163.62681845 16.09317109 0.048301 2.9864085659301964 2021
588017992298397732 0.048104 11.1018 4.32033 199.89293947 10.4548662 0.048104 2.689748692948402 2021
587726016684359773 0.048019 10.8803 3.57544 190.98447099 3.61646412 0.048019 2.538933153006226 2021
587729159502823552 0.048805 10.6831 3.83781 193.58751889 5.28264555 0.048805 2.5642763287278956 2021
587729776370581627 0.044932 10.8842 5.94092 214.55597703 -3.12107588 0.044932 2.6455962730224587 2021
587738568174534706 0.044123 11.014 3.96824 203.53921631 13.28081969 0.044123 2.6660814796082315 2021
587738570323984428 0.040461 11.1877 4.68909 208.29027418 14.65580273 0.040461 2.6821309352569673 2021
587738570323984428 0.040461 11.1877 4.68909 208.29027418 14.65580273 0.040461 2.6821309352569673 2021
587738568174731481 0.042431 10.7077 5.82454 203.98541572 13.34304604 0.042431 2.668515684695599 2021
588017725480435757 0.04934 10.7435 4.12539 199.21828687 7.2900521 0.04934 2.640509158718281 2021
588010878226530456 0.048655 10.9018 5.5004 189.86746315 4.26786391 0.048655 2.551968346621589 2021
587732770522792028 0.046245 11.004 4.87775 192.14176123 9.12978719 0.046245 2.6085585773810407 2021
587729157892276433 0.048235 10.8847 6.748 193.78224635 4.0403584 0.048235 2.5453482588690513 2021
587729777446617098 0.040404 10.8644 2.83287 219.77370368 -2.11570706 0.040404 2.6287135566621287 2021
587729777446617098 0.040404 10.8644 2.83287 219.77370368 -2.11570706 0.040404 2.6287135566621287 2021
587729776370122970 0.047109 10.9321 3.37631 213.58040781 -3.1865306 0.047109 2.649220079769733 2021
588017704013856826 0.044693 10.682 6.83601 202.51623495 12.17519304 0.044693 2.645596876967224 2021
587738568174731329 0.042846 11.0737 6.47779 203.92665688 13.33090774 0.042846 2.6625542229375556 2021
587738569248145433 0.044148 10.6949 7.0712 203.27090633 14.20514056 0.044148 2.6853078870801164 2021
587742864742285484 0.048721 10.7379 5.34405 162.86032288 16.51693275 0.048721 2.9840042312998136 2021
588017990686605426 0.049086 10.7391 4.6789 197.09310397 9.31511185 0.049086 2.66823642738383 2021
587726016684228815 0.04861 10.7675 5.65345 190.78901743 3.58121715 0.04861 2.5355188397514246 2021
588017991221379185 0.045122 10.9149 5.79055 192.34314518 9.81765356 0.045122 2.626091222481617 2021
588017571390095595 0.043414 10.7377 6.27738 202.630327 12.51951201 0.043414 2.652571668964581 2021
587736807763148957 0.042287 10.866 6.09065 203.95628134 13.41753523 0.042287 2.669409506677543 2021
587736523763876045 0.04959 10.7517 4.81338 217.75978148 5.34063186 0.04959 2.639712383252241 2021
587732771598499954 0.048647 10.7287 4.31563 196.60341573 9.94328659 0.048647 2.6717001278233035 2021
588017725478928419 0.048697 10.8847 5.01851 195.79163637 7.54859035 0.048697 2.6319095491723306 2021
588017728154959961 0.049381 10.8884 3.06504 192.93707215 6.41994068 0.049381 2.5760618413328555 2021
587742901791621273 0.04683 10.6775 6.58885 194.66433091 16.38440494 0.04683 2.989091244503738 2021
587730022252675197 0.048617 10.9238 2.58117 214.90871834 6.13480129 0.048617 2.638799367123969 2021
588017991233110227 0.049877 10.8772 3.68469 219.38730282 8.07861173 0.049877 2.705267776850893 2021
588017991761068141 0.044538 10.7661 3.49178 198.7525488 10.0091646 0.044538 2.681906950747755 2021
587742901788213295 0.045583 10.9669 5.01227 186.63697738 16.53705254 0.045583 2.9808645513082985 2021
588017703458635950 0.04779 10.57 5.41895 159.71419024 11.17196653 0.04779 2.9145338578489235 2021
588017990149931108 0.04744 10.676 6.55512 197.56226847 8.75131628 0.04744 2.6593286865503716 2021
588017724942123025 0.049174 10.9114 3.18574 195.89318803 6.95363338 0.049174 2.631132145165704 2021
587734892219596881 0.049174 10.8242 3.84179 187.71899089 9.4001735 0.049174 2.84995611723644 2021
587742863677718656 0.04434 10.7317 3.32663 184.77488636 16.97074831 0.04434 2.9862877674228456 2021
587735348575535135 0.042381 11.0073 3.8453 185.84933237 15.17188451 0.042381 2.9475290126018026 2021
587742773487665337 0.044949 10.9032 6.95721 186.63628331 16.84463868 0.044949 2.98360559977929 2021
587738568167194844 0.043095 10.7253 7.24637 186.30243363 14.03926809 0.043095 2.9255183587947995 2021
588017990147440789 0.047388 11.0347 7.44425 191.78911048 9.01631515 0.047388 2.6113223260012197 2021
588017704542994539 0.042974 10.7701 5.95458 184.43378011 13.17103432 0.042974 2.911478771412511 2021
588017990147113091 0.047844 10.8094 7.48079 191.01679052 9.06331685 0.047844 2.6144607474569366 2021
587738409253994578 0.044811 11.1273 6.27349 155.78993495 12.23951174 0.044811 2.9246501551701893 2021
587742627985948960 0.040605 10.5879 6.08747 217.71086221 14.50319404 0.040605 2.9835032506976793 2021
587742627985948960 0.040605 10.5879 6.08747 217.71086221 14.50319404 0.040605 2.9835032506976793 2021
588017702930546711 0.043781 10.9618 3.55223 180.12412985 11.99226993 0.043781 2.912799690290902 2021
587742863139209242 0.043538 10.7991 5.73634 180.75667234 16.48405567 0.043538 2.995446264459574 2021
587735349650391137 0.046185 11.054 8.71403 188.5429447 15.96821697 0.046185 2.9623815530455913 2021
588010880375324834 0.048601 10.8531 4.1172 192.89367934 5.8635649 0.048601 2.571364607931551 2021
588017704557281316 0.049313 10.8264 4.07219 217.72306071 11.23663574 0.049313 2.9275955649890015 2021
588017729231782014 0.049869 10.7489 4.53186 200.02608283 7.05915718 0.049869 2.6405646659872803 2021
587742772950335545 0.044556 10.6856 5.91854 185.44463038 16.33140559 0.044556 2.974789515715736 2021
587726877264249088 0.136618 10.8909 1.36391 315.99477989 -7.46735295 0.136618 0.21265946726068174 2016
588848898841051249 0.157467 11.1822 3.42953 184.78684327 -1.0334837 0.157467 1.732407081502197 2012
587722982815236212 0.185482 11.2235 2.63546 183.22305887 -0.36789064 0.185482 1.7362307625735327 2012
588848898838167722 0.180395 10.9961 1.88997 178.32231679 -1.02258282 0.180395 1.7187671739889072 2012
587726032767025441 0.16945 10.8482 2.26792 137.988197 1.74830334 0.16945 2.200098391141268 2012
587726031691579711 0.169156 11.006 1.61612 134.06675871 0.8767164 0.169156 2.1757365145554637 2012
587726033302782270 0.200926 11.0731 2.5136 135.33613485 2.04025983 0.200926 2.1858748809550197 2012
587727943492698312 0.176348 10.8916 2.02607 139.98750923 1.64767043 0.176348 2.2038812358307633 2012
587725074453627099 0.196348 11.1668 1.89667 135.59929893 -0.2776748 0.196348 2.159605121624308 2012
587726032263971003 0.264622 11.2113 1.81688 215.24157765 1.87559872 0.264622 1.595517012668673 2012
587724240159834264 0.028064 10.7374 4.23138 57.69904137 -7.02877424 0.028064 2.128994489859118 2017
587741722823688237 0.025179 10.5381 7.53263 194.73318076 27.8333836 0.025179 1.74220676524355 2017
588015507657719904 0.045354 10.6409 4.60979 357.65176944 -1.12805687 0.045354 2.1400562197502015 2017
587739719757922345 0.028214 10.2304 6.79058 204.93395984 27.77646031 0.028214 2.9549362381025244 2017
587739811020079320 0.028212 10.6085 7.03012 204.68382396 26.32854109 0.028212 1.7299074649987172 2017
587731174378242099 0.026822 10.6387 7.80381 310.21701687 0.65276535 0.026822 2.4478820917712514 2017
587739647273533569 0.02342 9.82962 5.80309 146.15775221 26.18998584 0.02342 1.317970415767131 2013
587727943490797666 0.11599 10.6882 1.25483 135.66137 1.54800239 0.11599 1.6612501051783026 2016
587727943490797816 0.115525 10.9923 1.80851 135.64278207 1.42125101 0.115525 1.658202796691319 2016
587739506077663266 0.023364 10.4592 5.33148 177.15859337 32.64083833 0.023364 1.4226340711380736 2015
587739506077663266 0.023364 10.4592 5.33148 177.15859337 32.64083833 0.023364 0.6524493662190006 2015
587731186724569574 0.054027 10.6099 4.9601 322.98051569 0.21380748 0.054027 2.5341352170905935 2017
588015507682295979 0.037144 11.1674 5.73878 53.81411231 -1.22858929 0.037144 2.221814280024257 2017
587731185650565143 0.030256 10.7453 2.57975 322.30215239 -0.62174374 0.030256 2.4423460008913866 2017
587730847427265072 0.033194 10.7194 5.43936 319.91975399 0.1209354 0.033194 2.4617574601933434 2017
587726877262086322 0.141144 10.3631 1.07943 311.01214 -6.78275665 0.141144 0.12943381703359816 2016
588848899357147464 0.04832 10.5237 1.75604 137.46833747 -0.50464337 0.04832 1.5707875025803704 2016
587727943490601114 0.05221 11.0416 7.75821 135.15833847 1.4699678 0.05221 1.5766298693162375 2016
587726015085478016 0.094153 11.2942 3.69493 217.79562832 1.94776192 0.094153 1.093969002401203 2012
587726877267460155 0.087181 11.2147 3.60122 323.23606923 -8.45053801 0.087181 1.070562243464366 2012
587736525906510055 0.1348 11.1693 1.92707 206.71285534 7.78860204 0.1348 0.38503728721132474 2019
587745540509532541 0.046808 11.0192 9.93965 130.83912964 10.72608285 0.046808 2.196377895270927 2015
588017704535785482 0.042633 10.4375 4.9043 167.4554179 12.77148062 0.042633 2.214657024110868 2015
587741421095747619 0.047573 10.7149 4.73577 119.22578617 14.64106668 0.047573 2.2605766778061396 2015
588015508220674193 0.040288 9.96819 2.00221 57.17357643 -0.65100339 0.040288 2.519380137388961 2019
587732156852797555 0.028092 10.3272 4.1606 120.05959649 26.6980009 0.028092 2.931847313281611 2019
587731186203230385 0.022037 9.45234 2.71506 358.46880418 -0.09871525 0.022037 2.5462007138101215 2019
588015509291991180 0.020477 9.73813 4.04891 51.70889625 0.19859205 0.020477 2.4900079964778654 2019
588848899357147414 0.070138 10.6662 2.94378 137.42007561 -0.4662267 0.070138 2.392020208805188 2013
587725073918722357 0.067508 9.94286 1.96788 140.13189893 -0.82728222 0.067508 2.388514897139765 2013
587725074990235725 0.053856 10.876 2.69035 135.02105889 0.07966572 0.053856 2.3460206212102914 2013
587726033300881540 0.025552 10.3121 4.67893 131.11856269 2.063963 0.025552 2.359102196947137 2013
588015509826830376 0.074304 10.9613 2.67752 47.0294424 0.45621817 0.074304 2.7959782218978284 2019
587731512082301077 0.021132 9.93911 3.90639 49.45745385 -0.55465101 0.021132 2.697854686098192 2019
588848899895853247 0.070914 9.97046 1.94721 141.56064083 -0.12907227 0.070914 2.3908963569967816 2013
587726032764076412 0.070403 10.4109 2.26431 131.24377506 1.6744312 0.070403 2.3923940193247337 2013
587725073918722287 0.070227 10.9366 4.24396 140.06153236 -0.7248633 0.070227 2.3897436655576314 2013
587726032228909342 0.071052 10.7386 2.24244 135.14244377 1.31591094 0.071052 2.4124186583109886 2013
587727943490273729 0.070895 10.5351 1.69034 134.47149881 1.3922359 0.070895 2.39805445354583 2013
587727943492894870 0.071088 10.3242 2.812 140.37968856 1.57524396 0.071088 2.4141550732797064 2013
587727944562573646 0.078636 10.8087 2.92568 131.11847436 2.11645724 0.078636 2.4725681822898697 2013
588848900429185386 0.050439 10.7103 3.83826 133.44328862 0.21454211 0.050439 2.3390499523582577 2013
588848900429185433 0.050844 10.2667 3.93401 133.48520203 0.21556504 0.050844 2.3401263618476964 2013
587725074455724392 0.069251 10.4671 2.17164 140.48620255 -0.26086957 0.069251 2.3935289720465396 2013
587726032228188446 0.04407 10.1912 2.77952 133.52458939 1.19185948 0.04407 2.3553819119895496 2013
587727942952681722 0.026687 9.94799 2.92674 132.80361802 1.06189984 0.026687 2.351459756219064 2013
587741602576007250 0.035457 10.5177 4.83485 203.05703123 26.94996825 0.035457 2.959101687989158 2019
587727942952550837 0.069942 10.0358 2.13343 132.59045641 1.08402337 0.069942 2.391828560753308 2013
588015509828075795 0.024681 9.28114 4.34458 49.94683892 0.62380534 0.024681 2.687947266436257 2019
587726032227336433 0.069964 10.5316 2.27111 131.46700511 1.18909037 0.069964 2.3888917628763062 2013
588848900966449330 0.071769 10.6361 1.3274 134.45025588 0.77814522 0.071769 2.4746413711655104 2013
587727943489552760 0.059454 10.9855 4.13729 132.7975695 1.50169491 0.059454 2.478353572524667 2013
587726032766828783 0.181858 11.3488 1.97104 137.45671026 1.81320872 0.181858 2.3578465316147184 2013
587728879256207619 0.096023 10.7525 3.98211 130.57449749 2.20645141 0.096023 2.512368341358492 2013
587726031692824812 0.128077 10.6933 1.52046 136.95862734 1.02807357 0.128077 2.4974542766808585 2013
588848900966514994 0.052361 10.8919 4.21978 134.61916831 0.63711334 0.052361 2.348128342088204 2013
587727944027996390 0.051884 10.6183 3.24673 136.38581099 2.03944576 0.051884 2.3567769362636795 2013
587725075528417541 0.054456 10.7303 2.4098 138.02436975 0.44889187 0.054456 2.3450939002869284 2013
587726032765059337 0.04101 10.4956 6.04436 133.41969201 1.56350665 0.04101 2.3594620523302696 2013
587730847963022072 0.024229 9.45384 2.74141 317.42259933 0.62777493 0.024229 2.51795048227784 2019
587727944563687568 0.058314 11.0363 3.85197 133.70923962 2.20232633 0.058314 2.4817803985484246 2013
587726032227008788 0.077701 10.3341 1.66023 130.77147278 1.14877463 0.077701 2.4756984982624113 2013
587742628533174350 0.040509 10.8925 8.49319 241.4086491 10.03540751 0.040509 2.2842874574638112 2015
587742550147137777 0.04431 9.63184 10.7391 226.9001644 14.54994345 0.04431 2.2926919619279444 2015
588017703482228913 0.055968 11.0158 7.50354 214.70207904 10.84381909 0.055968 2.3089882052606048 2015
587736543624036453 0.053785 11.4599 7.8486 204.05601111 10.47820108 0.053785 2.1806171923013196 2015
587736541485400245 0.140092 11.2904 2.36214 224.37927165 7.05918543 0.140092 0.7110401321916606 2012
587731512085708963 0.039814 10.8845 4.72397 57.24298571 -0.52109991 0.039814 2.257849131402651 2017
587726032234610739 0.073934 11.2523 4.15776 148.11578256 1.68927588 0.073934 1.1385322069320611 2012
587731512081580233 0.028085 10.4642 5.55572 47.7721595 -0.54650521 0.028085 2.347371331610365 2017
587731512071028909 0.080051 10.7975 3.89702 23.70759089 -0.61088945 0.080051 1.2007567377974935 2012
587731512619434064 0.03695 10.9101 4.74761 49.94013207 -0.07720499 0.03695 2.713849642801467 2017
587727220859011175 0.029296 10.5502 6.09301 318.99043808 9.54310419 0.029296 2.609668102752125 2017
588015507681116279 0.025227 10.5212 6.27703 51.02711718 -1.05784959 0.025227 2.4825345050810657 2017
587731512619630623 0.02535 10.3251 6.4624 50.39146198 -0.17839962 0.02535 2.617138857733242 2017
588015509291597939 0.035683 10.5001 3.97191 50.74164625 0.05413849 0.035683 2.7264853091980465 2017
587732053236384121 0.026638 10.8478 7.10436 119.31438242 27.49601721 0.026638 2.8576502403008757 2019
587726033335550094 0.251876 11.6911 2.91803 210.25863088 2.87846855 0.251876 2.805828809209917 2018
588010359075700997 0.289915 12.1422 2.86575 155.91514303 4.18629404 0.289915 2.540574256792086 2018
587741721750143182 0.078122 10.9342 4.51606 195.25359909 27.02543397 0.078122 1.5016103177813327 2015
587741721753354398 0.036883 11.021 6.16032 203.38772374 26.27196344 0.036883 1.3923250049158138 2015
588848899376939030 0.034899 11.0095 5.65518 182.57448698 -0.51789345 0.034899 1.505813204551398 2015
587726032263446738 0.082139 11.493 5.23955 214.04927841 1.86797804 0.082139 1.753187399191451 2015
587727220865040712 0.027062 10.3625 3.40334 332.79873079 11.800747 0.027062 2.4558373421432367 2015
587730772799914185 0.078954 10.9574 3.16712 324.89156234 10.48348826 0.078954 1.7513278633224256 2019
587741386202218596 0.026862 10.3222 4.63289 127.63198907 18.20610309 0.026862 2.8087417076334935 2019
587731511541432411 0.038198 9.27281 3.97176 40.30388682 -0.87692516 0.038198 2.5713308174393448 2019
587730848501530706 0.019859 8.94949 3.27708 321.07217669 1.02838526 0.019859 2.3128242369498704 2019
587724197746311240 0.06422 11.266 4.64896 27.84278643 13.06035405 0.06422 1.7412283477228174 2019
587731187798507929 0.086001 11.0473 3.94919 323.40752218 1.07095399 0.086001 1.7392757971054371 2019
588848900431216934 0.054463 10.7629 4.0257 138.15123729 0.30950285 0.054463 2.3905139656292547 2019
587736940914409584 0.022916 10.0251 4.91525 230.68697452 29.76962115 0.022916 0.9984181334251818 2022
587739815850672280 0.017804 9.27384 7.08182 233.97316626 23.58216312 0.017804 0.9683045937688057 2022
587739407875113205 0.016254 9.06956 4.06905 234.78990433 24.83083857 0.016254 0.9732091465085099 2022
588017977836437722 0.021473 9.50496 5.7376 231.34750628 29.17189035 0.021473 0.9976074070341958 2022
587724240699064558 0.129827 10.7336 1.64388 63.08214392 -5.91350335 0.129827 0.6307372619859198 2022
587734862146830473 0.049107 10.6394 2.73693 155.00085726 8.22605056 0.049107 1.6172558116364075 2016
587729160054833498 0.175406 10.7769 3.60299 228.40534623 4.32253589 0.175406 1.2081567971682494 2015
587726102556180606 0.195394 11.029 3.12167 211.34468727 5.47073595 0.195394 1.5934101473084958 2015
587726100411121941 0.245468 11.2589 2.48899 216.89873732 3.57619308 0.245468 1.6313313519098622 2015
587724234256351256 0.02694 10.2701 4.15368 29.05220916 14.9066645 0.02694 1.6948620997537394 2019
587730847423791750 0.024669 10.2167 2.19822 312.02361024 0.06884447 0.024669 2.0476168810349695 2019
587731185650827595 0.091797 11.0666 2.40613 322.90884307 -0.60820117 0.091797 1.6757349545185667 2019
588015509828075649 0.024364 10.0625 6.65803 49.92932926 0.56545578 0.024364 2.5099327029440244 2019
587724198283247682 0.056669 10.783 4.40456 28.07921485 13.63406024 0.056669 2.054806053631158 2019
587731512083087420 0.036815 10.6768 4.45073 51.15551055 -0.44403283 0.036815 2.49101138006421 2019
587731513153159199 0.044239 10.0525 3.01297 42.73942039 0.36939825 0.044239 2.588173305439986 2019
587726016160727273 0.190579 11.1695 2.61514 221.32868592 2.83675406 0.190579 1.5441457083822692 2015
587731512617664623 0.027583 10.3171 7.13744 45.96024771 -0.20444277 0.027583 2.786433361074446 2021
