#objID z mass rpetro ra dec res mrs sens_10kms year proj name
587726015087575099 0.069388 10.6482 1.95595 222.57934753 1.86813388 1.7326836874595628 19.575980385794775 2017 2017.1.00025.S 0.8757812673446147
587726015620317332 0.068509 10.6082 1.9477 213.14802 2.52503495 1.0512567500687395 14.190797439828517 2017 2017.1.00025.S 1.422285139339821
587726014550704284 0.069134 10.2772 2.94058 222.55481712 1.35674863 1.7306559707937716 19.504816481878965 2017 2017.1.00025.S 0.8757812732833994
587726033339351192 0.065314 10.2395 2.12357 219.00694845 2.49281274 1.7290111920917812 19.43411833712262 2017 2017.1.00025.S 0.8624063970149171
587724232639774853 0.040852 10.5623 7.4104 14.95303577 14.72351699 1.2271762828963841 15.24183933958759 2021 2021.1.00602.S 1.0078852585327935
588848901003346106 0.07201 10.2259 3.26406 218.62970036 0.69244018 1.7499816343380576 20.030893734255873 2017 2017.1.00025.S 2.2246137117487588
587726015086723332 0.067333 10.5659 2.52563 220.68457199 1.97961388 1.7624829905872923 20.385919307537645 2017 2017.1.00025.S 2.2246185984088767
587729776375562308 0.216822 11.4747 2.0658 226.03129936 -2.80460515 0.5790669780272801 7.5306455759743685 2016 2016.1.01269.S 0.5337640761011488
587722984441250023 0.069836 10.2037 1.43384 218.4033167 0.84523843 1.0556159421523095 14.286200984899724 2017 2017.1.00025.S 1.4222926650912988
587726032266789096 0.068752 10.2913 3.41975 221.71705938 1.66996109 1.7816628693309706 20.510022504663663 2017 2017.1.00025.S 2.224621170579099
588848899928490158 0.066164 10.0393 2.18613 216.06975936 -0.03842896 1.0489054311023012 14.156884707214026 2017 2017.1.00025.S 1.422289532585477
588848899391750403 0.073155 10.066 3.71648 216.49658371 -0.59821264 1.049374789962807 14.170528780481229 2017 2017.1.00025.S 1.422290174852379
587722984438235345 0.07191 10.5795 2.52984 211.53408245 0.91743956 1.0416516967691931 14.162222462341417 2017 2017.1.00025.S 1.4222829311678264
587731186187632690 0.030211 10.2159 6.04244 322.7494346 -0.00058493 2.5246994627122707 25.593841531455855 2018 2018.1.00541.S 0.6573274598404043
588015508213989555 0.045791 10.4951 6.22722 42.03277806 -0.75229963 1.5997455072318256 19.448992196635174 2018 2018.1.00541.S 0.5128670434786783
587741490891325518 0.065923 10.9641 4.65495 126.56889413 17.36243629 1.802881857888766 21.58925027348157 2018 2018.1.00541.S 0.9141816413411978
588015508731723912 0.0448 10.0282 3.68743 358.22185487 -0.38246922 1.5749122590994387 18.611073840131095 2018 2018.1.00541.S 0.5028056264171976
587731513694355564 0.030601 10.2378 6.0651 52.62136726 0.75206357 2.213150445108856 23.015340598769573 2018 2018.1.00541.S 0.5733060368754219
587731187797393472 0.018303 10.0825 3.58846 320.82655503 1.25503174 2.5166597226963443 24.073582419992924 2018 2018.1.00541.S 0.6250875694292357
587731511545233578 0.026797 10.4409 7.56408 48.89644156 -1.01627288 1.7450853432403626 21.08892285299452 2018 2018.1.00541.S 0.40979387200234374
587742903401119752 0.020648 9.48084 1.12863 192.06345664 17.77401277 1.0970113909870611 15.100596788823097 2017 2017.1.01727.S 0.767096659628964
587741421099155681 0.028862 9.77883 4.86483 126.46116245 18.16669719 1.735287599082053 20.697711771972966 2018 2018.1.00541.S 0.5422297777989571
587727221402042402 0.027587 10.0418 4.25271 333.05203457 12.20518369 1.7069603917374765 19.58885364909216 2018 2018.1.00541.S 0.5681624591241158
587742060530696249 0.041806 10.134 5.1989 171.74883903 21.14169293 1.8002203067212206 22.468923728123276 2018 2018.1.00541.S 0.4584441059544408
587731511545626673 0.053812 10.0347 2.8611 49.82143689 -0.96964645 1.6159977228975666 18.563400469848563 2018 2018.1.00541.S 0.7996984145734759
587731512619696292 0.021785 10.2559 4.36287 50.63658867 -0.00119968 2.1919269297567787 26.86660832499989 2018 2018.1.00541.S 0.4232333855908615
587731185665638418 0.071143 11.1262 3.6788 356.75181707 -0.44740504 1.585310293133715 18.706419927283775 2018 2018.1.00558.S 0.532634208472403
587731173842027508 0.096831 11.1227 2.40581 311.78094669 0.3004667 2.4083466505661293 25.405323271208374 2018 2018.1.00558.S 0.6624768389362065
588015510364880957 0.023897 9.76272 5.17223 49.78215908 0.95595472 2.5974896416081967 26.471369565548727 2018 2018.1.00541.S 0.6297789945209116
587727221396013696 0.043026 10.2544 3.56806 319.27145783 9.97231023 2.567302755309023 25.287311791865168 2018 2018.1.00558.S 0.5999375421492316
587731511542022280 0.042889 10.4903 3.46663 41.64309665 -0.84352942 2.449759976812857 23.389930448114622 2018 2018.1.00558.S 0.695991541377657
587726015626805415 0.219451 11.2813 0.798089 228.06559398 2.05470349 2.789495768173437 26.2941936416601 2022 2022.1.00445.S 2.100433681401036
587731173842027508 0.096831 11.1227 2.40581 311.78094669 0.3004667 2.403681644013745 26.41368534034931 2018 2018.1.00541.S 0.5388337923223746
587742614561882441 0.039083 10.7334 5.67999 240.30948044 14.07877835 1.0674456643081736 17.442072197679146 2021 2021.1.00602.S 1.2626440421671046
587742061095944550 0.034596 10.3234 1.70628 239.55486919 13.16883196 1.0667656811947175 16.698457852415 2021 2021.1.00602.S 1.3187878005822526
587726033335550094 0.251876 11.6911 2.91803 210.25863088 2.87846855 1.333457630775241 10.534611347566267 2011 2011.0.00374.S 1.50008609225244
587726033335550094 0.251876 11.6911 2.91803 210.25863088 2.87846855 1.333457630775241 10.534611347566267 2011 2011.0.00374.S 1.4875387463541971
587726015069421736 0.020141 9.10744 5.46431 181.12450478 2.44849647 2.3490133316102435 20.024464911638763 2016 2016.1.00948.S 0.9427536256971302
587726013996466476 0.021005 8.48408 4.09881 182.98976807 1.48924642 2.415062196163024 26.393493240901645 2016 2016.1.00948.S 0.6157348154080251
587726015069421743 0.019995 9.12565 5.46958 181.12843767 2.34338182 2.3190246811452333 20.618295348742855 2016 2016.1.00948.S 0.6070097853086994
587726031176138910 0.020376 9.21577 6.49133 183.03838927 1.31148674 2.3741192388605006 21.98206546848914 2016 2016.1.00948.S 0.6182560203490872
588010359607656603 0.023032 10.8937 6.08612 144.57664574 4.09414119 2.1791957086474985 20.494031690018797 2016 2016.1.00948.S 3.0209648100306397
588010359607656594 0.023793 8.98387 6.21291 144.56208611 4.15262692 2.081874672547383 19.75724425184346 2016 2016.1.00948.S 1.2423738362402446
587726015069421749 0.019968 9.58254 3.29956 181.13412614 2.4531039 2.345690848615112 19.87881629557853 2016 2016.1.00948.S 0.8198408023407919
587726031176138762 0.020905 9.52049 7.15051 182.99771303 1.35003785 2.439669054664597 21.279389715287174 2016 2016.1.00948.S 0.602541905976116
587726033309335775 0.123606 11.2869 2.84131 150.40387927 2.50887531 1.7668884175614072 24.59434028938308 2018 2018.1.01852.S 1.1761592603282827
587727944034091092 0.121664 10.9472 2.53404 150.31973925 2.28672849 1.7655838437406706 24.50341909297535 2018 2018.1.01852.S 1.1761591562596307
587727944034091201 0.122951 10.6675 2.44488 150.33559079 2.30491993 1.7677475221278491 24.615044595055465 2018 2018.1.01852.S 1.1761591836314396
587735043075211514 0.035737 9.81652 4.01541 128.80270947 28.62208902 1.1703332845371273 16.446022800602023 2022 2022.1.00482.S 1.083721728226508
587735236883513572 0.038334 9.3347 3.97284 124.54792697 26.65392774 1.157912807195212 16.097558270646637 2022 2022.1.00482.S 1.072824866160866
587738946663416023 0.039403 9.34661 3.62627 131.24447527 25.73926376 1.1395311940398591 16.059213708139833 2022 2022.1.00482.S 1.1124747144629101
588297864172929272 0.036532 9.49815 4.2086 122.72710985 26.69677621 1.1569996970553946 16.143512141808788 2022 2022.1.00482.S 1.106532439758791
587741815710679234 0.032438 10.1817 6.14102 154.91469975 21.28814218 1.0900595797276889 15.323954033929112 2022 2022.1.00482.S 0.7566913831582367
588848898827288872 0.042385 10.6536 4.34604 153.44511229 -0.91423737 1.0213390767428971 11.750713229064754 2017 2017.1.00496.S 1.600914437057863
587742013807198300 0.030901 10.3676 4.0394 151.79241212 18.95059336 1.0738952373654662 14.390785211345932 2022 2022.1.00482.S 0.771103027516748
588848898827288872 0.042385 10.6536 4.34604 153.44511229 -0.91423737 2.34203272293667 24.169652316939935 2017 2017.1.00496.S 1.9819258164521185
587741816782520492 0.029963 9.90864 6.91743 150.13074073 21.00212559 1.087820913756903 14.669167146370542 2022 2022.1.00482.S 0.7566873700001185
587734621630431417 0.02999 10.5515 3.78687 128.13732177 29.93810981 1.184984426114058 16.874345592924314 2022 2022.1.00482.S 1.1636468301103686
588017567096307746 0.031042 9.37195 2.95174 175.41493587 12.8021331 1.0457789747914923 14.902210391789067 2022 2022.1.00482.S 0.9283439076086692
587739719215415412 0.035034 10.288 3.7308 190.36672793 28.79118896 1.1240305846881815 15.43585521753892 2022 2022.1.00482.S 1.380858938662648
588023669708816634 0.035618 9.49906 4.21313 184.56088849 20.33346652 1.0846985121189092 14.281202037376502 2022 2022.1.00482.S 0.6912279927971433
587742614559785152 0.042107 10.0654 4.45479 235.62537985 15.79056176 1.0612318089348594 15.332533600386869 2022 2022.1.00482.S 1.3176190290133003
588017702393282739 0.030646 9.38479 4.17985 179.14710457 11.58993153 1.0347120743101867 14.286778531307272 2022 2022.1.00482.S 0.928347359971307
587742551761027182 0.038525 10.4046 2.68675 234.78279248 14.02308117 1.052001254008306 15.674993718967384 2022 2022.1.00482.S 1.2376880216333177
587742629067489627 0.037239 10.1245 4.37507 235.81642878 11.80807144 1.0344047062415835 15.33045752672247 2022 2022.1.00482.S 1.2757800551952874
587739720302329929 0.021465 10.3702 3.68002 223.63176475 24.0272692 1.0905950992724964 15.058472123786808 2022 2022.1.00482.S 1.0345510332864718
587742062148911209 0.035623 9.93962 4.8027 190.36508714 22.93077786 1.075812559827394 14.587058356096026 2022 2022.1.00482.S 1.455554860391535
587742615097442546 0.038242 10.1579 4.4184 237.47440053 15.41558492 1.0610403956874006 15.306195919043642 2022 2022.1.00482.S 1.2376875293925906
587736899038019890 0.041346 9.31455 3.43033 242.75054806 28.0853332 1.1805609204357106 16.68502293448819 2022 2022.1.00482.S 0.8208885876591395
587739380989034622 0.027361 9.74032 2.57418 221.69011817 29.17628712 1.1248757378895267 15.673993403559868 2022 2022.1.00482.S 1.034548222891125
587739828204077236 0.01759 9.96569 6.42864 220.92378795 23.01872766 1.0827814979735655 14.850340112531411 2022 2022.1.00482.S 0.9905068911356988
588017566023221411 0.030748 9.29918 4.26611 177.00091683 12.11351928 1.0396723474281162 14.503311178989792 2022 2022.1.00482.S 0.9283454075415876
588017703476985965 0.026234 9.96145 6.19852 202.40178913 11.81392957 1.0214987173468035 13.148856806100016 2022 2022.1.00482.S 0.6274553617154661
588848900466213053 0.035564 9.30252 5.16701 218.05118084 0.22324505 1.0054750320490953 13.06367962281718 2017 2017.1.00601.S 0.643229187510208
588848900465885460 0.056502 10.7512 2.80496 217.35941965 0.39756421 0.9617580149974299 10.251866758803954 2017 2017.1.00601.S 0.5927956256239145
587726033304944826 0.05041 10.7247 4.19606 140.29344703 2.20123436 1.0157176872375742 12.157533102183134 2017 2017.1.00601.S 0.6961465673287857
587726014548476140 0.027137 9.51405 4.91188 217.52015311 1.53684563 1.042691947961189 13.463352091363681 2017 2017.1.00601.S 0.6342945916125434
588848899394568318 0.043386 10.8351 3.42287 222.80167403 -0.45687693 1.0372758699177405 11.971054390299848 2017 2017.1.00601.S 0.7117422256524147
588848899892773131 0.028563 9.42425 2.9148 134.52337257 -0.02114556 1.0156508171644907 16.783081098461636 2017 2017.1.00601.S 0.638166439406799
588848899390046433 0.025776 9.3399 3.99457 212.55950089 -0.57853003 0.9834812916954407 12.739779187927649 2017 2017.1.00601.S 0.6466272781179676
588848900465950856 0.034456 9.64543 3.29034 217.55201758 0.33357014 1.02066058294366 13.04160536382169 2017 2017.1.00601.S 0.6331203514792898
587726014546641125 0.025878 9.57757 5.03035 213.32890889 1.66440168 1.0030032267623359 11.524525073962451 2017 2017.1.00601.S 0.6314405280154112
587729779054084193 0.054173 10.4879 3.40163 212.5918663 -1.1149946 0.9699420555885413 10.068040237068711 2017 2017.1.00601.S 0.6102731514085953
587726014011539630 0.029753 9.44652 3.24619 217.38574581 1.11738209 1.0303475654624696 14.275068442243894 2017 2017.1.00601.S 0.7517387119576227
587722984440135850 0.040088 10.4676 4.06591 215.90105241 1.00760341 1.0196369154833484 11.622333547988639 2017 2017.1.00601.S 0.6275528193844233
588017990685098068 0.045324 11.0259 4.78797 193.56199972 9.44151036 2.6210195183545837 24.35875884509425 2021 2021.1.01089.S 1.3471476384299517
588017992295972989 0.046308 11.1606 5.23197 194.26874686 10.6207147 2.6402852356684856 24.40572719645618 2021 2021.1.01089.S 1.3471486973626754
587729774759313429 0.050129 10.4968 5.45806 214.02131611 -1.25968922 2.6653892674563853 26.972548047483134 2021 2021.1.01089.S 1.4779093204958023
587722982291865751 0.048882 10.9458 6.57337 214.12063124 -0.74387217 2.6683100162968527 26.901431852752943 2021 2021.1.01089.S 1.4779094773770682
588017704013856887 0.040545 10.8468 4.49301 202.42859773 12.1901531 2.6451093826093715 24.45279157062493 2021 2021.1.01089.S 1.3740369982664624
588017704013856887 0.040545 10.8468 4.49301 202.42859773 12.1901531 2.6451093826093715 24.45279157062493 2021 2021.1.01089.S 1.3659774208814985
587738570322870287 0.042397 11.1013 6.69034 205.59955108 14.73913043 2.685893854445724 24.697107212653158 2021 2021.1.01089.S 1.468912420178655
587735348562624651 0.046138 11.0302 5.96178 155.41192846 13.31266586 2.9431904325276377 28.883004509523317 2021 2021.1.01089.S 1.7605948433176426
587742774014902428 0.048301 10.7022 3.25915 163.62681845 16.09317109 2.9864085659301964 27.40824912705398 2021 2021.1.01089.S 1.5465588074512588
588017992298397732 0.048104 11.1018 4.32033 199.89293947 10.4548662 2.689748692948402 25.319149814551928 2021 2021.1.01089.S 1.7155289503369788
587726016684359773 0.048019 10.8803 3.57544 190.98447099 3.61646412 2.538933153006226 23.508684531743267 2021 2021.1.01089.S 1.4550816037664767
587729159502823552 0.048805 10.6831 3.83781 193.58751889 5.28264555 2.5642763287278956 23.830131627979114 2021 2021.1.01089.S 1.4550861504511126
587729776370581627 0.044932 10.8842 5.94092 214.55597703 -3.12107588 2.6455962730224587 26.700992155508896 2021 2021.1.01089.S 1.4779102842941692
587738568174534706 0.044123 11.014 3.96824 203.53921631 13.28081969 2.6660814796082315 24.522844947739234 2021 2021.1.01089.S 1.4689091153349896
587738570323984428 0.040461 11.1877 4.68909 208.29027418 14.65580273 2.6821309352569673 24.599867385220268 2021 2021.1.01089.S 1.3740459672506595
587738570323984428 0.040461 11.1877 4.68909 208.29027418 14.65580273 2.6821309352569673 24.599867385220268 2021 2021.1.01089.S 1.365986324575621
587738568174731481 0.042431 10.7077 5.82454 203.98541572 13.34304604 2.668515684695599 24.52929795381073 2021 2021.1.01089.S 1.468909913164605
588017725480435757 0.04934 10.7435 4.12539 199.21828687 7.2900521 2.640509158718281 24.55056942410888 2021 2021.1.01089.S 1.4498857387145823
588010878226530456 0.048655 10.9018 5.5004 189.86746315 4.26786391 2.551968346621589 23.609612165516296 2021 2021.1.01089.S 1.455079536327626
587732770522792028 0.046245 11.004 4.87775 192.14176123 9.12978719 2.6085585773810407 24.401825495990515 2021 2021.1.01089.S 1.3471453309011814
587729157892276433 0.048235 10.8847 6.748 193.78224635 4.0403584 2.5453482588690513 23.591010708584804 2021 2021.1.01089.S 1.4550865608208539
587729777446617098 0.040404 10.8644 2.83287 219.77370368 -2.11570706 2.6287135566621287 26.003295827472904 2021 2021.1.01089.S 1.3682869278843086
587729777446617098 0.040404 10.8644 2.83287 219.77370368 -2.11570706 2.6287135566621287 26.003295827472904 2021 2021.1.01089.S 1.3602581053469867
587729776370122970 0.047109 10.9321 3.37631 213.58040781 -3.1865306 2.649220079769733 26.80578661275722 2021 2021.1.01089.S 1.4779086207068686
588017704013856826 0.044693 10.682 6.83601 202.51623495 12.17519304 2.645596876967224 24.403821701264388 2021 2021.1.01089.S 1.4689075100962081
587738568174731329 0.042846 11.0737 6.47779 203.92665688 13.33090774 2.6625542229375556 24.50897836472039 2021 2021.1.01089.S 1.468909790251778
587738569248145433 0.044148 10.6949 7.0712 203.27090633 14.20514056 2.6853078870801164 24.59802324028445 2021 2021.1.01089.S 1.4689085514715274
587742864742285484 0.048721 10.7379 5.34405 162.86032288 16.51693275 2.9840042312998136 27.35608602655263 2021 2021.1.01089.S 1.5465574459150766
588017990686605426 0.049086 10.7391 4.6789 197.09310397 9.31511185 2.66823642738383 25.002255703329194 2021 2021.1.01089.S 1.4498818334115564
587726016684228815 0.04861 10.7675 5.65345 190.78901743 3.58121715 2.5355188397514246 23.49815788166577 2021 2021.1.01089.S 1.4550812457452649
588017991221379185 0.045122 10.9149 5.79055 192.34314518 9.81765356 2.626091222481617 24.400817383987384 2021 2021.1.01089.S 1.3471456232684171
588017571390095595 0.043414 10.7377 6.27738 202.630327 12.51951201 2.652571668964581 24.3691138285234 2021 2021.1.01089.S 1.4689076659067013
587736807763148957 0.042287 10.866 6.09065 203.95628134 13.41753523 2.669409506677543 24.439163473397763 2021 2021.1.01089.S 1.4689098386956152
587736523763876045 0.04959 10.7517 4.81338 217.75978148 5.34063186 2.639712383252241 24.19136519433087 2021 2021.1.01089.S 1.5701890969590497
587732771598499954 0.048647 10.7287 4.31563 196.60341573 9.94328659 2.6717001278233035 25.153151677561716 2021 2021.1.01089.S 1.5660503310269218
588017725478928419 0.048697 10.8847 5.01851 195.79163637 7.54859035 2.6319095491723306 24.6377209389121 2021 2021.1.01089.S 1.4498796564560825
588017728154959961 0.049381 10.8884 3.06504 192.93707215 6.41994068 2.5760618413328555 24.03496963044586 2021 2021.1.01089.S 1.3471468571934373
587742901791621273 0.04683 10.6775 6.58885 194.66433091 16.38440494 2.989091244503738 27.979835047400808 2021 2021.1.01089.S 1.428013185600906
587730022252675197 0.048617 10.9238 2.58117 214.90871834 6.13480129 2.638799367123969 24.369254757686292 2021 2021.1.01089.S 1.4537078956756166
588017991233110227 0.049877 10.8772 3.68469 219.38730282 8.07861173 2.705267776850893 24.66334644775342 2021 2021.1.01089.S 1.453714788249472
588017991761068141 0.044538 10.7661 3.49178 198.7525488 10.0091646 2.681906950747755 25.2060954017252 2021 2021.1.01089.S 1.7155266559981843
587742901788213295 0.045583 10.9669 5.01227 186.63697738 16.53705254 2.9808645513082985 27.566595045141945 2021 2021.1.01089.S 1.7389639069430227
588017703458635950 0.04779 10.57 5.41895 159.71419024 11.17196653 2.9145338578489235 28.016692475301234 2021 2021.1.01089.S 1.7606037044491563
588017990149931108 0.04744 10.676 6.55512 197.56226847 8.75131628 2.6593286865503716 24.906246708137875 2021 2021.1.01089.S 1.4498827136436248
588017724942123025 0.049174 10.9114 3.18574 195.89318803 6.95363338 2.631132145165704 24.477479102797183 2021 2021.1.01089.S 1.449879906955454
587734892219596881 0.049174 10.8242 3.84179 187.71899089 9.4001735 2.84995611723644 26.494627551497747 2021 2021.1.01089.S 1.7389675801670246
587742863677718656 0.04434 10.7317 3.32663 184.77488636 16.97074831 2.9862877674228456 27.731593146449157 2021 2021.1.01089.S 1.7389601013153546
587735348575535135 0.042381 11.0073 3.8453 185.84933237 15.17188451 2.9475290126018026 27.271804383667476 2021 2021.1.01089.S 1.7389626462839483
587742773487665337 0.044949 10.9032 6.95721 186.63628331 16.84463868 2.98360559977929 27.640957423959374 2021 2021.1.01089.S 1.7389638056525258
587738568167194844 0.043095 10.7253 7.24637 186.30243363 14.03926809 2.9255183587947995 27.066659643494173 2021 2021.1.01089.S 1.7389638386086819
588017990147440789 0.047388 11.0347 7.44425 191.78911048 9.01631515 2.6113223260012197 24.452432198226944 2021 2021.1.01089.S 1.3471447504654648
588017704542994539 0.042974 10.7701 5.95458 184.43378011 13.17103432 2.911478771412511 26.99413821004778 2021 2021.1.01089.S 1.7389602437192822
588017990147113091 0.047844 10.8094 7.48079 191.01679052 9.06331685 2.6144607474569366 24.469381624103896 2021 2021.1.01089.S 1.3471434865156398
587738409253994578 0.044811 11.1273 6.27349 155.78993495 12.23951174 2.9246501551701893 28.503204637094917 2021 2021.1.01089.S 1.7605955959296014
587742627985948960 0.040605 10.5879 6.08747 217.71086221 14.50319404 2.9835032506976793 27.247316922915363 2021 2021.1.01089.S 1.2778722967660625
587742627985948960 0.040605 10.5879 6.08747 217.71086221 14.50319404 2.9835032506976793 27.247316922915363 2021 2021.1.01089.S 1.2703809329041897
588017702930546711 0.043781 10.9618 3.55223 180.12412985 11.99226993 2.912799690290902 27.608318218275056 2021 2021.1.01089.S 1.7389516293974583
587742863139209242 0.043538 10.7991 5.73634 180.75667234 16.48405567 2.995446264459574 28.496098878078584 2021 2021.1.01089.S 1.738952146373919
587735349650391137 0.046185 11.054 8.71403 188.5429447 15.96821697 2.9623815530455913 27.39676030229202 2021 2021.1.01089.S 1.738967791419802
588010880375324834 0.048601 10.8531 4.1172 192.89367934 5.8635649 2.571364607931551 23.919608625058455 2021 2021.1.01089.S 1.3471468078537727
588017704557281316 0.049313 10.8264 4.07219 217.72306071 11.23663574 2.9275955649890015 26.823533367901632 2021 2021.1.01089.S 1.3661040170467633
588017729231782014 0.049869 10.7489 4.53186 200.02608283 7.05915718 2.6405646659872803 24.500388684483184 2021 2021.1.01089.S 1.4498871729508465
587742772950335545 0.044556 10.6856 5.91854 185.44463038 16.33140559 2.974789515715736 27.504951365146024 2021 2021.1.01089.S 1.7389616064218536
588015509267284063 0.184843 11.9811 5.21065 355.24903077 0.08156918 2.4066725590904974 22.403334224906185 2013 2013.1.01383.S 0.6470883576299497
587726877264249088 0.136618 10.8909 1.36391 315.99477989 -7.46735295 0.21265946726068174 3.4203474263523055 2016 2016.1.01265.S 0.45121633612765655
587726031692824812 0.128077 10.6933 1.52046 136.95862734 1.02807357 0.5375423268856918 8.153117269939836 2015 2015.1.01012.S 0.5254800582608236
588848898841051249 0.157467 11.1822 3.42953 184.78684327 -1.0334837 1.732407081502197 18.138770245492154 2012 2012.1.01080.S 3.3255597587073296
587722982815236212 0.185482 11.2235 2.63546 183.22305887 -0.36789064 1.7362307625735327 18.17999346133409 2012 2012.1.01080.S 3.3560338771413196
588848898838167722 0.180395 10.9961 1.88997 178.32231679 -1.02258282 1.7187671739889072 18.208565658788324 2012 2012.1.01080.S 3.3560238675553187
587726032767025441 0.16945 10.8482 2.26792 137.988197 1.74830334 2.200098391141268 19.748717866528132 2012 2012.1.01080.S 2.8328357067918986
587726031691579711 0.169156 11.006 1.61612 134.06675871 0.8767164 2.1757365145554637 18.967659426962037 2012 2012.1.01080.S 2.83282374088511
587726033302782270 0.200926 11.0731 2.5136 135.33613485 2.04025983 2.1858748809550197 19.046550482542735 2012 2012.1.01080.S 2.8591373836299296
587727943492698312 0.176348 10.8916 2.02607 139.98750923 1.64767043 2.2038812358307633 19.985671751970987 2012 2012.1.01080.S 2.832841392394847
587725074453627099 0.196348 11.1668 1.89667 135.59929893 -0.2776748 2.159605121624308 19.458948482471964 2012 2012.1.01080.S 2.8591367778471652
587726032263971003 0.264622 11.2113 1.81688 215.24157765 1.87559872 1.595517012668673 13.11640423682672 2012 2012.1.01080.S 3.2829848028029276
587724240159834264 0.028064 10.7374 4.23138 57.69904137 -7.02877424 2.128994489859118 20.318057063218486 2017 2017.1.01093.S 1.0665600551919385
587741722823688237 0.025179 10.5381 7.53263 194.73318076 27.8333836 1.74220676524355 21.99960744593126 2017 2017.1.01093.S 0.8144783299612822
588015507657719904 0.045354 10.6409 4.60979 357.65176944 -1.12805687 2.1400562197502015 20.701378759172705 2017 2017.1.01093.S 0.3810408201111075
587739719757922345 0.028214 10.2304 6.79058 204.93395984 27.77646031 2.9549362381025244 27.483715226913237 2017 2017.1.01093.S 0.8660265642537113
587739811020079320 0.028212 10.6085 7.03012 204.68382396 26.32854109 1.7299074649987172 21.490173045181884 2017 2017.1.01093.S 0.728060884547303
587731174378242099 0.026822 10.6387 7.80381 310.21701687 0.65276535 2.4478820917712514 21.427691792459576 2017 2017.1.01093.S 1.0504289154021642
587734892755353685 0.019702 10.5203 5.0616 185.13896918 9.85340423 1.2264691140271595 12.22984084660582 2013 2013.1.00115.S 2.2724762091574675
588017704006058105 0.016688 9.28454 4.38796 184.31893459 12.79523132 1.2568333722834537 12.576770111394966 2013 2013.1.00115.S 2.142511178189442
587742628524720281 0.021778 9.38634 5.2236 222.03958802 14.13375468 1.224270414524553 12.497080373564206 2013 2013.1.00115.S 2.351958501610074
587739647273533569 0.02342 9.82962 5.80309 146.15775221 26.18998584 1.317970415767131 12.753396119150704 2013 2013.1.00115.S 2.3044052751930026
587727943490797666 0.11599 10.6882 1.25483 135.66137 1.54800239 1.6612501051783026 14.373724485794785 2016 2016.1.00329.S 0.9800697896098535
587727943490797816 0.115525 10.9923 1.80851 135.64278207 1.42125101 1.658202796691319 14.371583676518968 2016 2016.1.00329.S 0.9800697476678835
587741489300766802 0.022786 8.52963 6.00743 175.16369728 28.86085343 1.3839144503072363 15.41109244631974 2015 2015.1.00587.S 1.9970227775533482
587739506077663266 0.023364 10.4592 5.33148 177.15859337 32.64083833 1.4226340711380736 16.072088604531295 2015 2015.1.00587.S 1.8230293884842121
587739506077663266 0.023364 10.4592 5.33148 177.15859337 32.64083833 0.6524493662190006 11.375981625147396 2015 2015.1.00587.S 1.1964965077787237
587731186724569574 0.054027 10.6099 4.9601 322.98051569 0.21380748 2.5341352170905935 23.45257464171005 2017 2017.1.01093.S 0.42203859033702346
588015507682295979 0.037144 11.1674 5.73878 53.81411231 -1.22858929 2.221814280024257 21.18812889357433 2017 2017.1.01093.S 1.4027451347553477
587731185650565143 0.030256 10.7453 2.57975 322.30215239 -0.62174374 2.4423460008913866 22.623689150744234 2017 2017.1.01093.S 0.6250295409305394
587730847427265072 0.033194 10.7194 5.43936 319.91975399 0.1209354 2.4617574601933434 21.662807951552903 2017 2017.1.01093.S 0.5250698956076877
587726877262086322 0.141144 10.3631 1.07943 311.01214 -6.78275665 0.12943381703359816 3.465784001379242 2016 2016.1.00852.S 0.47595031613569677
588848899357147464 0.04832 10.5237 1.75604 137.46833747 -0.50464337 1.5707875025803704 15.522512933738263 2016 2016.1.00329.S 1.2713996546763917
587727943490601114 0.05221 11.0416 7.75821 135.15833847 1.4699678 1.5766298693162375 15.717916085916515 2016 2016.1.00329.S 1.2713975522547654
587726015085478016 0.094153 11.2942 3.69493 217.79562832 1.94776192 1.093969002401203 9.502374270544239 2012 2012.1.00539.S 0.8689823559704117
587726877267460155 0.087181 11.2147 3.60122 323.23606923 -8.45053801 1.070562243464366 9.404101925707346 2012 2012.1.00539.S 1.1777126069654675
587725075528417541 0.054456 10.7303 2.4098 138.02436975 0.44889187 1.579917875954526 15.57285856797145 2016 2016.1.00329.S 1.271400652190634
588848900966514994 0.052361 10.8919 4.21978 134.61916831 0.63711334 1.5741471509365734 15.669392454866388 2016 2016.1.00329.S 1.2713966285731704
587736525906510055 0.1348 11.1693 1.92707 206.71285534 7.78860204 0.38503728721132474 15.316065031461365 2019 2019.1.01757.S 0.5529459718526507
587745540509532541 0.046808 11.0192 9.93965 130.83912964 10.72608285 2.196377895270927 21.309275962606446 2015 2015.1.00389.S 0.9989860177777874
588017704535785482 0.042633 10.4375 4.9043 167.4554179 12.77148062 2.214657024110868 21.367604499760628 2015 2015.1.00389.S 0.9261524647756523
587741421095747619 0.047573 10.7149 4.73577 119.22578617 14.64106668 2.2605766778061396 21.798760454506553 2015 2015.1.00389.S 0.7949559097241674
588015508220674193 0.040288 9.96819 2.00221 57.17357643 -0.65100339 2.519380137388961 23.756678223847587 2019 2019.1.01136.S 1.4275737854037587
587732156852797555 0.028092 10.3272 4.1606 120.05959649 26.6980009 2.931847313281611 27.988825695423188 2019 2019.1.01136.S 0.7210756696569443
587731186203230385 0.022037 9.45234 2.71506 358.46880418 -0.09871525 2.5462007138101215 25.29156412505726 2019 2019.1.01136.S 1.538959311974932
588015509291991180 0.020477 9.73813 4.04891 51.70889625 0.19859205 2.4900079964778654 23.5033461158448 2019 2019.1.01136.S 1.508249615214283
588848899357147414 0.070138 10.6662 2.94378 137.42007561 -0.4662267 2.392020208805188 22.761558766256098 2013 2013.1.00058.S 1.9547292590233658
587725073918722357 0.067508 9.94286 1.96788 140.13189893 -0.82728222 2.388514897139765 22.698446820367522 2013 2013.1.00058.S 1.9547352294214229
587725074990235725 0.053856 10.876 2.69035 135.02105889 0.07966572 2.3460206212102914 23.485302528638023 2013 2013.1.00530.S 2.7395492627951326
587726033300881540 0.025552 10.3121 4.67893 131.11856269 2.063963 2.359102196947137 22.78685301154899 2013 2013.1.00530.S 3.224373545879802
588015509826830376 0.074304 10.9613 2.67752 47.0294424 0.45621817 2.7959782218978284 26.65916207723735 2019 2019.1.01136.S 1.521728361149906
587731512082301077 0.021132 9.93911 3.90639 49.45745385 -0.55465101 2.697854686098192 25.33657017985439 2019 2019.1.01136.S 1.922694102450738
588848899895853247 0.070914 9.97046 1.94721 141.56064083 -0.12907227 2.3908963569967816 22.657361392856732 2013 2013.1.00058.S 1.9547385556777725
587726032764076412 0.070403 10.4109 2.26431 131.24377506 1.6744312 2.3923940193247337 22.842322329399074 2013 2013.1.00058.S 2.0547362139856573
587725073918722287 0.070227 10.9366 4.24396 140.06153236 -0.7248633 2.3897436655576314 22.713170753722476 2013 2013.1.00058.S 1.9547350706419038
587726032228909342 0.071052 10.7386 2.24244 135.14244377 1.31591094 2.4124186583109886 22.853061223838285 2013 2013.1.00058.S 1.954724608402811
587727943490273729 0.070895 10.5351 1.69034 134.47149881 1.3922359 2.39805445354583 23.119753678275796 2013 2013.1.00058.S 2.054743647806256
587727943492894870 0.071088 10.3242 2.812 140.37968856 1.57524396 2.4141550732797064 22.757349327411298 2013 2013.1.00058.S 1.9547362578923497
587727944562573646 0.078636 10.8087 2.92568 131.11847436 2.11645724 2.4725681822898697 25.229028188912356 2013 2013.1.00530.S 2.323048288620827
588848900429185386 0.050439 10.7103 3.83826 133.44328862 0.21454211 2.3390499523582577 23.051443898867273 2013 2013.1.00530.S 2.739544380514603
588848900429185433 0.050844 10.2667 3.93401 133.48520203 0.21556504 2.3401263618476964 23.291188348740075 2013 2013.1.00530.S 2.7395445532883738
587725074455724392 0.069251 10.4671 2.17164 140.48620255 -0.26086957 2.3935289720465396 22.693098217349956 2013 2013.1.00058.S 1.9547361449848817
587726032228188446 0.04407 10.1912 2.77952 133.52458939 1.19185948 2.3553819119895496 23.323674748015183 2013 2013.1.00530.S 2.739544912726118
587727942952681722 0.026687 9.94799 2.92674 132.80361802 1.06189984 2.351459756219064 23.15020931519194 2013 2013.1.00530.S 3.224379352603969
587741602576007250 0.035457 10.5177 4.83485 203.05703123 26.94996825 2.959101687989158 26.896278252932095 2019 2019.1.01136.S 1.6174264266933462
587727942952550837 0.069942 10.0358 2.13343 132.59045641 1.08402337 2.391828560753308 22.821008972815754 2013 2013.1.00058.S 2.0547392143005605
588015509828075795 0.024681 9.28114 4.34458 49.94683892 0.62380534 2.687947266436257 25.78111695521976 2019 2019.1.01136.S 0.540317926537293
587726032227336433 0.069964 10.5316 2.27111 131.46700511 1.18909037 2.3888917628763062 22.782690325366975 2013 2013.1.00058.S 2.0547366367308126
588848900966449330 0.071769 10.6361 1.3274 134.45025588 0.77814522 2.4746413711655104 25.691250420279246 2013 2013.1.00530.S 2.5138100472018854
587727943489552760 0.059454 10.9855 4.13729 132.7975695 1.50169491 2.478353572524667 25.588358422967765 2013 2013.1.00530.S 2.5138055743570002
587726032766828783 0.181858 11.3488 1.97104 137.45671026 1.81320872 2.3578465316147184 23.64049112341346 2013 2013.1.00530.S 2.894553275781951
587728879256207619 0.096023 10.7525 3.98211 130.57449749 2.20645141 2.512368341358492 24.301797370013357 2013 2013.1.00530.S 2.4366572343510606
587726031692824812 0.128077 10.6933 1.52046 136.95862734 1.02807357 2.4974542766808585 24.436553434933007 2013 2013.1.00530.S 2.3765502014600943
588848900966514994 0.052361 10.8919 4.21978 134.61916831 0.63711334 2.348128342088204 23.544406285603603 2013 2013.1.00530.S 2.7395481712098335
587727944027996390 0.051884 10.6183 3.24673 136.38581099 2.03944576 2.3567769362636795 23.674564927226427 2013 2013.1.00530.S 2.7395539952623387
587725075528417541 0.054456 10.7303 2.4098 138.02436975 0.44889187 2.3450939002869284 23.626737716042086 2013 2013.1.00530.S 2.739558663770517
587726032765059337 0.04101 10.4956 6.04436 133.41969201 1.56350665 2.3594620523302696 23.374873361048977 2013 2013.1.00530.S 2.7395446983627725
587730847963022072 0.024229 9.45384 2.74141 317.42259933 0.62777493 2.51795048227784 24.328733878392544 2019 2019.1.01136.S 1.0134719962236813
588015509828075649 0.024364 10.0625 6.65803 49.92932926 0.56545578 2.546347817496459 25.054970154977614 2019 2019.1.01136.S 0.5499595771396364
587727944563687568 0.058314 11.0363 3.85197 133.70923962 2.20232633 2.4817803985484246 26.140191822917824 2013 2013.1.00530.S 2.5138083512194442
587726032227008788 0.077701 10.3341 1.66023 130.77147278 1.14877463 2.4756984982624113 25.14225595628177 2013 2013.1.00530.S 2.3230471891841558
587742628533174350 0.040509 10.8925 8.49319 241.4086491 10.03540751 2.2842874574638112 23.9495105835007 2015 2015.1.00389.S 0.8576126820921098
587742550147137777 0.04431 9.63184 10.7391 226.9001644 14.54994345 2.2926919619279444 22.523435263171734 2015 2015.1.00389.S 0.8804925975942415
588017703482228913 0.055968 11.0158 7.50354 214.70207904 10.84381909 2.3089882052606048 25.154625261839062 2015 2015.1.00389.S 1.1659725215723566
587736543624036453 0.053785 11.4599 7.8486 204.05601111 10.47820108 2.1806171923013196 20.32084368213117 2015 2015.1.00389.S 0.9255401974032794
587736541485400245 0.140092 11.2904 2.36214 224.37927165 7.05918543 0.7110401321916606 7.12271982085268 2012 2012.1.00539.S 0.8032932734292461
587731512085708963 0.039814 10.8845 4.72397 57.24298571 -0.52109991 2.257849131402651 27.242073125898337 2017 2017.1.01093.S 0.8126751000810171
587726032234610739 0.073934 11.2523 4.15776 148.11578256 1.68927588 1.1385322069320611 9.979879008925945 2012 2012.1.00539.S 0.759584142109129
587731512081580233 0.028085 10.4642 5.55572 47.7721595 -0.54650521 2.347371331610365 21.481130127925795 2017 2017.1.01093.S 0.8070503889668508
587731512071028909 0.080051 10.7975 3.89702 23.70759089 -0.61088945 1.2007567377974935 10.677403807905764 2012 2012.1.00539.S 0.7005861955460759
587731512619434064 0.03695 10.9101 4.74761 49.94013207 -0.07720499 2.713849642801467 24.979281359942426 2017 2017.1.01093.S 0.7655020970231374
587727220859011175 0.029296 10.5502 6.09301 318.99043808 9.54310419 2.609668102752125 23.425061366972628 2017 2017.1.01093.S 0.9833258419174477
588015507681116279 0.025227 10.5212 6.27703 51.02711718 -1.05784959 2.4825345050810657 23.827384757055416 2017 2017.1.01093.S 0.8256298817665086
587731512619630623 0.02535 10.3251 6.4624 50.39146198 -0.17839962 2.617138857733242 24.064622472917417 2017 2017.1.01093.S 0.888622591005482
588015509291597939 0.035683 10.5001 3.97191 50.74164625 0.05413849 2.7264853091980465 25.16335650074913 2017 2017.1.01093.S 1.0278932231158802
587732053236384121 0.026638 10.8478 7.10436 119.31438242 27.49601721 2.8576502403008757 27.004006706225464 2019 2019.1.00597.S 0.6457203669598343
587726033335550094 0.251876 11.6911 2.91803 210.25863088 2.87846855 2.805828809209917 27.090253678800078 2018 2018.1.00940.S 0.5367995326436027
588010359075700997 0.289915 12.1422 2.86575 155.91514303 4.18629404 2.540574256792086 29.536407534621663 2018 2018.1.00940.S 0.5317555673984132
587741721750143182 0.078122 10.9342 4.51606 195.25359909 27.02543397 1.5016103177813327 16.686068702400977 2015 2015.1.00320.S 0.9039029372589495
587741721753354398 0.036883 11.021 6.16032 203.38772374 26.27196344 1.3923250049158138 15.300575032014509 2015 2015.1.00320.S 1.0774519505687397
588848899376939030 0.034899 11.0095 5.65518 182.57448698 -0.51789345 1.505813204551398 13.01534844592075 2015 2015.1.00320.S 0.7967502293490661
587726032263446738 0.082139 11.493 5.23955 214.04927841 1.86797804 1.753187399191451 15.507195604092948 2015 2015.1.00320.S 0.6639845860588097
587727220865040712 0.027062 10.3625 3.40334 332.79873079 11.800747 2.4558373421432367 26.450734489130237 2015 2015.1.01225.S 0.7654214394680967
587730772799914185 0.078954 10.9574 3.16712 324.89156234 10.48348826 1.7513278633224256 21.390215364164952 2019 2019.1.00260.S 0.7423126602128438
587741386202218596 0.026862 10.3222 4.63289 127.63198907 18.20610309 2.8087417076334935 27.65023056115386 2019 2019.1.00260.S 0.473366160481103
587731511541432411 0.038198 9.27281 3.97176 40.30388682 -0.87692516 2.5713308174393448 24.50037920483427 2019 2019.1.00260.S 0.8007143562702272
587730848501530706 0.019859 8.94949 3.27708 321.07217669 1.02838526 2.3128242369498704 22.446037271334177 2019 2019.1.00260.S 0.6308168491944021
588015509826830376 0.074304 10.9613 2.67752 47.0294424 0.45621817 1.6416323574231528 19.07354836619384 2019 2019.1.00260.S 0.49047025703266883
587724197746311240 0.06422 11.266 4.64896 27.84278643 13.06035405 1.7412283477228174 21.421199198488086 2019 2019.1.00260.S 1.2108620248096627
587731187798507929 0.086001 11.0473 3.94919 323.40752218 1.07095399 1.7392757971054371 20.417546519442528 2019 2019.1.00260.S 0.4928959716144725
588848900431216934 0.054463 10.7629 4.0257 138.15123729 0.30950285 2.3905139656292547 23.316224564810593 2019 2019.1.00260.S 0.5473561139494911
587736940914409584 0.022916 10.0251 4.91525 230.68697452 29.76962115 0.9984181334251818 17.313585305188308 2022 2022.1.00482.S 1.3461459691967792
587739815850672280 0.017804 9.27384 7.08182 233.97316626 23.58216312 0.9683045937688057 16.093951702757195 2022 2022.1.00482.S 1.34540441724953
587739407875113205 0.016254 9.06956 4.06905 234.78990433 24.83083857 0.9732091465085099 16.170825598968527 2022 2022.1.00482.S 1.3018934390947778
588017977836437722 0.021473 9.50496 5.7376 231.34750628 29.17189035 0.9976074070341958 16.867598780154633 2022 2022.1.00482.S 1.3454010252323878
587726877262086322 0.141144 10.3631 1.07943 311.01214 -6.78275665 0.6426072261175495 9.306392787066592 2022 2022.1.00810.S 0.44771192402807747
587724240699064558 0.129827 10.7336 1.64388 63.08214392 -5.91350335 0.6307372619859198 9.301398088679596 2022 2022.1.00810.S 0.5533974503648434
587734862146830473 0.049107 10.6394 2.73693 155.00085726 8.22605056 1.6172558116364075 14.26794667430648 2016 2016.1.00177.S 0.5806694248260323
587729160054833498 0.175406 10.7769 3.60299 228.40534623 4.32253589 1.2081567971682494 16.261631510661157 2015 2015.1.00405.S 0.58138376755979
587727943492698312 0.176348 10.8916 2.02607 139.98750923 1.64767043 1.5495773585595325 14.899528422713287 2015 2015.1.00405.S 0.5526353716160552
587726102556180606 0.195394 11.029 3.12167 211.34468727 5.47073595 1.5934101473084958 15.166856994954799 2015 2015.1.00405.S 0.5247381573338126
587726100411121941 0.245468 11.2589 2.48899 216.89873732 3.57619308 1.6313313519098622 14.523758825733209 2015 2015.1.00405.S 0.4992325291725493
587724234256351256 0.02694 10.2701 4.15368 29.05220916 14.9066645 1.6948620997537394 20.36807365550731 2019 2019.1.00260.S 0.6675661608663263
587730847423791750 0.024669 10.2167 2.19822 312.02361024 0.06884447 2.0476168810349695 21.596514364537132 2019 2019.1.00260.S 0.6589218325110998
587731185650827595 0.091797 11.0666 2.40613 322.90884307 -0.60820117 1.6757349545185667 20.206781269671616 2019 2019.1.00260.S 0.5031474588614014
588015509828075649 0.024364 10.0625 6.65803 49.92932926 0.56545578 2.5099327029440244 23.813424399092042 2019 2019.1.00260.S 0.5653755823765558
587724198283247682 0.056669 10.783 4.40456 28.07921485 13.63406024 2.054806053631158 23.753998632122105 2019 2019.1.00260.S 0.5036141681656644
587731512083087420 0.036815 10.6768 4.45073 51.15551055 -0.44403283 2.49101138006421 23.482042327355163 2019 2019.1.00260.S 1.1776438085213619
587731513153159199 0.044239 10.0525 3.01297 42.73942039 0.36939825 2.588173305439986 25.757129996438934 2019 2019.1.00260.S 0.409331435298235
587726016160727273 0.190579 11.1695 2.61514 221.32868592 2.83675406 1.5441457083822692 14.272271673188772 2015 2015.1.00405.S 0.611858087906798
587731512617664623 0.027583 10.3171 7.13744 45.96024771 -0.20444277 2.786433361074446 26.164548542660615 2021 2021.1.00094.S 0.9293558709592852
