#objID z mass rpetro ra dec res mrs AL AC TP year mui guid auid proj
588023669708816634 0.035618 9.49906 4.21313 184.5608333333373 20.333472222222255 1.0847088328454686 14.281165935437427 45 0 0 2022 63263 uid://A001/X2f52/X2fc uid://A001/X2f52/X2fb uid://A002/X102cd30/X3182 2022.1.00482.S
587738568167194844 0.043095 10.7253 7.24637 186.30245833335238 14.039272222222955 2.925516997199198 27.066695525466578 42 0 1 2021 26634 uid://A001/X15a2/X75e uid://A001/X15a2/X75d uid://A002/Xf5e73e/X1b06 2021.1.01089.S
587742614561882441 0.039083 10.7334 5.67999 240.30944992622798 14.078709216779155 1.0674569931591547 17.442294315622174 62 0 0 2021 RFGC3069 uid://A001/X159b/Xa8 uid://A001/X159b/Xa7 uid://A002/Xf9e621/X5664 2021.1.00602.S
587742614559785152 0.042107 10.0654 4.45479 235.62541666667917 15.79055555555801 1.0612263159501065 15.332498372636799 47 0 0 2022 65288 uid://A001/X2f52/X2e6 uid://A001/X2f52/X2e5 uid://A002/X10275c0/X7372 2022.1.00482.S
587734621630431417 0.02999 10.5515 3.78687 128.13733333331464 29.938083333335907 1.184984426114058 16.874345592924314 46 0 0 2022 27516 uid://A001/X2f52/X2cf uid://A001/X2f52/X2ce uid://A002/X1026621/X4425 2022.1.00482.S
588848901003346106 0.07201 10.2259 3.26406 218.62874999995728 0.6925000000002326 1.7499840743951531 20.031167146682723 45 0 0 2017 HATLAS_J143430.9+004133 uid://A001/X1284/X152c uid://A001/X1284/X152b uid://A002/Xcbdb2a/X3612 2017.1.00025.S
587742863139209242 0.043538 10.7991 5.73634 180.7567083333649 16.484063888891384 2.995440421069128 28.49601387301635 42 0 1 2021 545938 uid://A001/X15a2/X75e uid://A001/X15a2/X75d uid://A002/Xf5e73e/X1b06 2021.1.01089.S
587736899038019890 0.041346 9.31455 3.43033 242.75058333338464 28.085305555567924 1.1805609204357106 16.68502293448819 42 0 0 2022 42443 uid://A001/X2f52/X2e9 uid://A001/X2f52/X2e8 uid://A002/X102b92b/X1324 2022.1.00482.S
587736807763148957 0.042287 10.866 6.09065 203.95629166666325 13.417536111111126 2.66941055546137 24.439135709198354 43 0 2 2021 321551 uid://A001/X15a2/X749 uid://A001/X15a2/X748 uid://A002/Xf73568/X66c 2021.1.01089.S
588017566023221411 0.030748 9.29918 4.26611 177.00091666669547 12.113527777779693 1.039676159585636 14.50315289562913 44 0 0 2022 32522 uid://A001/X2f52/X2f9 uid://A001/X2f52/X2f8 uid://A002/X102cd30/X9f3f 2022.1.00482.S
587732771598499954 0.048647 10.7287 4.31563 196.60341666665326 9.94328055555582 2.671705716749026 25.153182831209413 45 0 1 2021 605137 uid://A001/X15a2/X767 uid://A001/X15a2/X766 uid://A002/Xf73ead/Xc13 2021.1.01089.S
587738946663416023 0.039403 9.34661 3.62627 131.2444583333105 25.739250000002965 1.1395311940398591 16.059213708139833 46 0 0 2022 46746 uid://A001/X2f52/X2cf uid://A001/X2f52/X2ce uid://A002/X1026621/X4425 2022.1.00482.S
587742610267177229 0.021914 9.5732 5.07292 222.46291666666667 13.580555555555556 1.2207333938070704 12.465401892797821 37 0 0 2013 7567 uid://A001/X144/X1d8 uid://A001/X144/X1d7 uid://A002/Xa18feb/Xc9a 2013.1.00115.S
588848900966514994 0.052361 10.8919 4.21978 134.61917083331787 0.637113888889036 1.5741371124686407 15.669392478295483 45 0 0 2016 3J085828.5+003814 uid://A001/X87d/Xbd1 uid://A001/X87d/Xbd0 uid://A002/Xbc0724/X1574 2016.1.00329.S
588848900966449330 0.071769 10.6361 1.3274 134.44990083333334 0.7774241666666669 2.4746410117925035 25.6914421434893 40 0 0 2013 HOT2_EI_CII_G09.v2.48 uid://A001/X147/X2e5 uid://A001/X147/X2e4 uid://A002/X9a5759/X13e6 2013.1.00530.S
588848900966514994 0.052361 10.8919 4.21978 134.61927916666667 0.6374555555555556 2.348117392242707 23.544176129402224 40 0 0 2013 HOT2_EI_CII_G09.v2.80 uid://A001/X147/X2e1 uid://A001/X147/X2e0 uid://A002/X9a5759/X168b 2013.1.00530.S
588010880375324834 0.048601 10.8531 4.1172 192.89370833331637 5.863563888889145 2.571364316614444 23.91961210980517 45 0 2 2021 239192 uid://A001/X15a2/X761 uid://A001/X15a2/X760 uid://A002/Xf70fbd/X6910 2021.1.01089.S
588017992295972989 0.046308 11.1606 5.23197 194.2687499999818 10.620716666667185 2.640284604441757 24.405711199699446 45 0 2 2021 620714 uid://A001/X15a2/X761 uid://A001/X15a2/X760 uid://A002/Xf70fbd/X6910 2021.1.01089.S
588017992298397732 0.048104 11.1018 4.32033 199.89295833331204 10.454866666667373 2.6897506725780307 25.31914895673024 45 0 1 2021 571165 uid://A001/X15a2/X767 uid://A001/X15a2/X766 uid://A002/Xf73ead/Xc13 2021.1.01089.S
588848900443668580 0.042274 10.8448 4.21544 166.63862500005382 0.28000833333347186 2.6605282820794964 26.303935167547753 44 0 1 2021 645479 uid://A001/X15a2/X73a uid://A001/X15a2/X739 uid://A002/Xf702a4/X2285 2021.1.01089.S
588848900446027787 0.049154 10.8225 4.68879 171.90304166671166 0.3952388888890088 2.610051299071899 25.67602405069865 44 0 1 2021 65228 uid://A001/X15a2/X73a uid://A001/X15a2/X739 uid://A002/Xf702a4/X2285 2021.1.01089.S
588848900966514994 0.052361 10.8919 4.21978 134.61917083331787 0.637113888889036 1.5741371124686407 15.669392478295483 45 0 0 2016 3J085828.5+003814 uid://A001/X87d/Xbd1 uid://A001/X87d/Xbd0 uid://A002/Xbc0724/X1574 2016.1.00329.S
588848900466213053 0.035564 9.30252 5.16701 218.05117999999587 0.2232450500000037 1.005475618772056 13.063657964317018 43 0 0 2017 GAMA619098 uid://A001/X1273/X736 uid://A001/X1273/X735 uid://A002/Xca5b1c/X5e51 2017.1.00601.S
588848900465885460 0.056502 10.7512 2.80496 217.3594199999911 0.39756421000001474 0.9617590856444154 10.251856822183866 38 0 3 2017 GAMA618906 uid://A001/X1273/X712 uid://A001/X1273/X711 uid://A002/Xca3f23/X2005 2017.1.00601.S
588848899928490158 0.066164 10.0393 2.18613 216.06958333330175 -0.038333333333315366 1.0489042847167138 14.156860974808039 42 0 0 2017 HATLAS_J142416.7-000218 uid://A001/X1284/X1534 uid://A001/X1284/X1533 uid://A002/Xca795f/X25d1 2017.1.00025.S
588848900465950856 0.034456 9.64543 3.29034 217.5520200000192 0.33357013999998736 1.0206611136709347 13.041586143643181 43 0 0 2017 GAMA618935 uid://A001/X1273/X732 uid://A001/X1273/X731 uid://A002/Xca5b1c/X6121 2017.1.00601.S
588848900429185386 0.050439 10.7103 3.83826 133.4429625 0.21456138888888918 2.339051918245524 23.05123451943157 40 0 0 2013 HOT2_EI_CII_G09.v2.45 uid://A001/X147/X2e1 uid://A001/X147/X2e0 uid://A002/X9a5759/X168b 2013.1.00530.S
588848900429185433 0.050844 10.2667 3.93401 133.4846725 0.21562861111111112 2.340128765605944 23.290969228550246 40 0 0 2013 HOT2_EI_CII_G09.v2.170 uid://A001/X147/X2e1 uid://A001/X147/X2e0 uid://A002/X9a5759/X168b 2013.1.00530.S
588848900966449330 0.071769 10.6361 1.3274 134.44990083333334 0.7774241666666669 2.4746410117925035 25.6914421434893 40 0 0 2013 HOT2_EI_CII_G09.v2.48 uid://A001/X147/X2e5 uid://A001/X147/X2e4 uid://A002/X9a5759/X13e6 2013.1.00530.S
588848900966514994 0.052361 10.8919 4.21978 134.61927916666667 0.6374555555555556 2.348117392242707 23.544176129402224 40 0 0 2013 HOT2_EI_CII_G09.v2.80 uid://A001/X147/X2e1 uid://A001/X147/X2e0 uid://A002/X9a5759/X168b 2013.1.00530.S
588848900431216934 0.054463 10.7629 4.0257 138.15125999997 0.30949099999999663 2.3905153207294707 23.31632724895044 43 0 0 2019 PM1_9512_3704 uid://A001/X1465/X34f1 uid://A001/X1465/X34f0 uid://A002/Xe37224/X1431b 2019.1.00260.S
588848899391750403 0.073155 10.066 3.71648 216.49666666663353 -0.5977777777778639 1.0493747241200249 14.170503864634295 42 0 0 2017 HATLAS_J142559.2-003552 uid://A001/X1284/X1534 uid://A001/X1284/X1533 uid://A002/Xca795f/X25d1 2017.1.00025.S
588848899390046433 0.025776 9.3399 3.99457 212.55949999995897 -0.5785300300001556 0.9834736826326528 12.739644094472803 44 0 0 2017 GAMA567624 uid://A001/X1273/X72a uid://A001/X1273/X729 uid://A002/Xca5b1c/X5707 2017.1.00601.S
588848899394568318 0.043386 10.8351 3.42287 222.80167000001978 -0.45687693000006663 1.0372758855831563 11.971135835737991 42 0 3 2017 GAMA570227 uid://A001/X1273/X72e uid://A001/X1273/X72d uid://A002/Xca525b/X15c4 2017.1.00601.S
587742551761027182 0.038525 10.4046 2.68675 234.78275000001608 14.023055555557994 1.0520011074616173 15.675160460840809 47 0 0 2022 65783 uid://A001/X2f52/X2e6 uid://A001/X2f52/X2e5 uid://A002/X10275c0/X7372 2022.1.00482.S
587741386202218596 0.026862 10.3222 4.63289 127.63201000001216 18.20611000000098 2.8087319386768574 27.650087500450685 49 0 0 2019 CP_8241_12705 uid://A001/X1465/X34e1 uid://A001/X1465/X34e0 uid://A002/Xe3a5fd/X1c8b 2019.1.00260.S
587731513693110439 0.03358 8.82009 3.62368 49.845691666679244 0.8234694444444893 2.375723102475622 21.750959344527164 44 0 0 2017 8081-9102 uid://A001/X1288/Xecd uid://A001/X1288/Xecc uid://A002/Xcfc232/X5c54 2017.1.01093.S
587731513153159199 0.044239 10.0525 3.01297 42.73943000000159 0.3694083000000585 2.588170840254758 25.757165399223826 47 0 0 2019 CP_8078_6104 uid://A001/X1465/X3511 uid://A001/X1465/X3510 uid://A002/Xe3a5fd/Xce71 2019.1.00260.S
587731513694355564 0.030601 10.2378 6.0651 52.62136841002339 0.7520676900001024 2.213151711837849 23.015286963226416 49 0 0 2018 587731513694355564_8155-6102 uid://A001/X133d/Xe7b uid://A001/X133d/Xe7a uid://A002/Xd7be9d/X8f13 2018.1.00541.S
587726102556180606 0.195394 11.029 3.12167 211.34466700001644 5.470722000001086 1.5934241708961174 15.166799293075043 45 0 0 2015 AGC242091 uid://A001/X2fe/X17b uid://A001/X2fe/X17a uid://A002/Xb07033/X845 2015.1.00405.S
588848900981653685 0.045898 10.7355 5.65044 169.10370833338402 0.7818833333336945 2.632596143977002 25.784995882887763 44 0 1 2021 527928 uid://A001/X15a2/X73a uid://A001/X15a2/X739 uid://A002/Xf702a4/X2285 2021.1.01089.S
588848899357147464 0.04832 10.5237 1.75604 137.4683416666465 -0.5046444444446558 1.57078649140593 15.522512449989293 45 0 0 2016 9J090952.3-003019 uid://A001/X87d/Xbd1 uid://A001/X87d/Xbd0 uid://A002/Xbc0724/X1574 2016.1.00329.S
588848899357737008 0.054529 9.53656 3.99568 138.7041083333107 -0.5924972222224874 1.5755364569550196 15.496371423686977 45 0 0 2016 2J091448.7-003533 uid://A001/X87d/Xbd1 uid://A001/X87d/Xbd0 uid://A002/Xbc0724/X1574 2016.1.00329.S
588848901003346106 0.07201 10.2259 3.26406 218.62874999995728 0.6925000000002326 1.7499840743951531 20.031167146682723 45 0 0 2017 HATLAS_J143430.9+004133 uid://A001/X1284/X152c uid://A001/X1284/X152b uid://A002/Xcbdb2a/X3612 2017.1.00025.S
588848899892773131 0.028563 9.42425 2.9148 134.5233700000067 -0.021145560000018077 1.015647451380748 16.783157803059957 58 0 3 2017 GAMA574200 uid://A001/X1273/X706 uid://A001/X1273/X705 uid://A002/Xca525b/X179 2017.1.00601.S
588848899357147414 0.070138 10.6662 2.94378 137.42 -0.4658333333333333 2.39202115369772 22.761657590330312 39 0 0 2013 HATLAS_J090940.8-002757 uid://A001/X147/X2d2 uid://A001/X147/X2d1 uid://A002/X9a24bb/X1bd0 2013.1.00058.S
588848899895853247 0.070914 9.97046 1.94721 141.56 -0.1288888888888889 2.390921507024016 22.657559119426534 39 0 0 2013 HATLAS_J092614.4-000744 uid://A001/X147/X2d2 uid://A001/X147/X2d1 uid://A002/X9a24bb/X1bd0 2013.1.00058.S
587727943490601114 0.05221 11.0416 7.75821 135.1583416666508 1.4699666666670748 1.5766307558272203 15.717915004752136 45 0 0 2016 6J090038.0+012810 uid://A001/X87d/Xbd1 uid://A001/X87d/Xbd0 uid://A002/Xbc0724/X1574 2016.1.00329.S
587727943489552760 0.059454 10.9855 4.13729 132.79750625 1.5019213888888896 2.4783549908759532 25.588585314318014 40 0 0 2013 HOT2_EI_CII_G09.v2.60 uid://A001/X147/X2e5 uid://A001/X147/X2e4 uid://A002/X9a5759/X13e6 2013.1.00530.S
587727943490797666 0.11599 10.6882 1.25483 135.66137083330236 1.5480027777779701 1.6612465192199155 14.373722402720002 36 0 4 2016 13J090238.7+013253 uid://A001/X8a6/X4f uid://A001/X8a6/X4e uid://A002/Xbbc4d2/X1ebc 2016.1.00329.S
587727943490797816 0.115525 10.9923 1.80851 135.64277916663414 1.4212500000001864 1.6581980932918552 14.371664394109262 36 0 4 2016 12J090234.3+012518 uid://A001/X8a6/X4f uid://A001/X8a6/X4e uid://A002/Xbbc4d2/X1ebc 2016.1.00329.S
587727942952681722 0.026687 9.94799 2.92674 132.80348333333333 1.0621361111111112 2.3514614498453814 23.149994233998594 40 0 0 2013 HOT2_EI_CII_G09.v2.235 uid://A001/X147/X2e1 uid://A001/X147/X2e0 uid://A002/X9a5759/X168b 2013.1.00530.S
587727943492698312 0.176348 10.8916 2.02607 139.9875 1.647667 1.5495823815288299 14.899896894200474 44 0 0 2015 AGC191728 uid://A001/X2fe/X17f uid://A001/X2fe/X17e uid://A002/Xb020f7/X1520 2015.1.00405.S
587727942952550837 0.069942 10.0358 2.13343 132.59 1.0841666666666667 2.391825764731725 22.821032975583382 39 0 0 2013 HATLAS_J085021.6+010503 uid://A001/X147/X2ce uid://A001/X147/X2cd uid://A002/X9a24bb/X184b 2013.1.00058.S
587727943492894870 0.071088 10.3242 2.812 140.37916666666666 1.5755555555555556 2.4141784952580085 22.7575560491192 39 0 0 2013 HATLAS_J092131.0+013432 uid://A001/X147/X2d2 uid://A001/X147/X2d1 uid://A002/X9a24bb/X1bd0 2013.1.00058.S
587727943490273729 0.070895 10.5351 1.69034 134.47125 1.3922222222222222 2.398053684147131 23.119895845911593 39 0 0 2013 HATLAS_J085753.1+012332 uid://A001/X147/X2ce uid://A001/X147/X2cd uid://A002/X9a24bb/X184b 2013.1.00058.S
587727943497089219 0.078531 11.0016 2.438 150.00862500000696 2.0257500000011635 1.0659361481450582 11.355863023346153 41 0 4 2016 2993 uid://A001/X879/X233 uid://A001/X879/X232 uid://A002/Xbb30f0/X9323 2016.1.00171.S
587741602576007250 0.035457 10.5177 4.83485 203.05706261999924 26.94998105999999 2.9591015991352796 26.896288548479603 43 0 0 2019 8982-6104 uid://A001/X1465/X18bb uid://A001/X1465/X18ba uid://A002/Xe3f5bb/X4270 2019.1.01136.S
587729160054833498 0.175406 10.7769 3.60299 228.40533332998436 4.322527780001489 1.2081696606034205 16.26172183879315 50 0 0 2015 AGC252580 uid://A001/X2fe/X173 uid://A001/X2fe/X172 uid://A002/Xb08ef9/X104f 2015.1.00405.S
588017702393282739 0.030646 9.38479 4.17985 179.14712500002707 11.589916666668326 1.0347279070056352 14.286705627863155 44 0 0 2022 34439 uid://A001/X2f52/X2f9 uid://A001/X2f52/X2f8 uid://A002/X102cd30/X9f3f 2022.1.00482.S
588848898827288872 0.042385 10.6536 4.34604 153.44717795848888 -0.9120306740588948 1.021334915242082 11.750743697292002 42 0 3 2017 JO204_CO10 uid://A001/X12a3/X2bb uid://A001/X12a3/X2ba uid://A002/Xca525b/X696 2017.1.00496.S
588848898827288872 0.042385 10.6536 4.34604 153.44717795843198 -0.9120306740595091 2.3420287281161642 24.1696060094444 48 0 4 2017 JO204_CO10 uid://A001/X12a3/X2bd uid://A001/X12a3/X2ba uid://A002/Xd8a1ac/X1e30 2017.1.00496.S
588017703476985965 0.026234 9.96145 6.19852 202.4017916666585 11.813916666666774 1.0214992778826184 13.14894514602425 45 0 0 2022 34718 uid://A001/X2f52/X2f3 uid://A001/X2f52/X2f2 uid://A002/X102cd30/X3721 2022.1.00482.S
588017703482228913 0.055968 11.0158 7.50354 214.7020791666667 10.843819722222232 2.308973224991798 25.155446064933898 38 0 3 2015 AGC_9162 uid://A001/X2f7/X365 uid://A001/X2f7/X364 uid://A002/Xaf05a3/X6939 2015.1.00389.S
588017703458635950 0.04779 10.57 5.41895 159.71420833333974 11.171975000001808 2.9145368501806055 28.01685956570922 46 0 1 2021 624421 uid://A001/X15a2/X72b uid://A001/X15a2/X72a uid://A002/Xf5e73e/X16d1 2021.1.01089.S
588017704006058105 0.016688 9.28454 4.38796 184.32083333333333 12.7975 1.2568457011034118 12.576788006077432 37 0 0 2013 3856 uid://A001/X144/X1c8 uid://A001/X144/X1c7 uid://A002/Xa18feb/X959 2013.1.00115.S
588017990147440789 0.047388 11.0347 7.44425 191.78912499998694 9.016316666666897 2.6113219521360875 24.45240231409534 45 0 2 2021 631801 uid://A001/X15a2/X761 uid://A001/X15a2/X760 uid://A002/Xf70fbd/X6910 2021.1.01089.S
588017990149931108 0.04744 10.676 6.55512 197.56229166664596 8.7513222222228 2.659332159927709 24.906224343293296 45 0 1 2021 498513 uid://A001/X15a2/X767 uid://A001/X15a2/X766 uid://A002/Xf73ead/Xc13 2021.1.01089.S
588017992295972989 0.046308 11.1606 5.23197 194.2687499999818 10.620716666667185 2.640284604441757 24.405711199699446 45 0 2 2021 620714 uid://A001/X15a2/X761 uid://A001/X15a2/X760 uid://A002/Xf70fbd/X6910 2021.1.01089.S
588017990147113091 0.047844 10.8094 7.48079 191.01679166665403 9.06332500000021 2.614455074116131 24.46935118394243 45 0 2 2021 408880 uid://A001/X15a2/X761 uid://A001/X15a2/X760 uid://A002/Xf70fbd/X6910 2021.1.01089.S
588017992298397732 0.048104 11.1018 4.32033 199.89295833331204 10.454866666667373 2.6897506725780307 25.31914895673024 45 0 1 2021 571165 uid://A001/X15a2/X767 uid://A001/X15a2/X766 uid://A002/Xf73ead/Xc13 2021.1.01089.S
588848899390046433 0.025776 9.3399 3.99457 212.55949999995897 -0.5785300300001556 0.9834736826326528 12.739644094472803 44 0 0 2017 GAMA567624 uid://A001/X1273/X72a uid://A001/X1273/X729 uid://A002/Xca5b1c/X5707 2017.1.00601.S
588848899908042794 0.040355 11.1242 5.05725 169.38708333338255 -0.18750277777789198 2.61305136946668 25.7796567217549 44 0 1 2021 244217 uid://A001/X15a2/X73a uid://A001/X15a2/X739 uid://A002/Xf702a4/X2285 2021.1.01089.S
588848899908042794 0.040355 11.1242 5.05725 169.38708333338255 -0.18750277777789198 2.61305136946668 25.7796567217549 44 0 1 2021 244217 uid://A001/X15a2/X73a uid://A001/X15a2/X739 uid://A002/Xf702a4/X2285 2021.1.01089.S
588848899394568318 0.043386 10.8351 3.42287 222.80167000001978 -0.45687693000006663 1.0372758855831563 11.971135835737991 42 0 3 2017 GAMA570227 uid://A001/X1273/X72e uid://A001/X1273/X72d uid://A002/Xca525b/X15c4 2017.1.00601.S
588848899376939030 0.034899 11.0095 5.65518 182.57448620000372 -0.5178999000000052 1.5058120496076428 13.015327192549194 39 0 0 2015 CGCG013-092 uid://A001/X2fa/X3f uid://A001/X2fa/X3e uid://A002/Xb09eed/X8b80 2015.1.00320.S
588848899391750403 0.073155 10.066 3.71648 216.49666666663353 -0.5977777777778639 1.0493747241200249 14.170503864634295 42 0 0 2017 HATLAS_J142559.2-003552 uid://A001/X1284/X1534 uid://A001/X1284/X1533 uid://A002/Xca795f/X25d1 2017.1.00025.S
587736525906510055 0.1348 11.1693 1.92707 206.7132916667216 7.78725000000664 0.3850371184710864 15.315664255010658 53 0 5 2019 IRAS_F13443+0802 uid://A001/X1465/X1fb uid://A001/X1465/X1fa uid://A002/Xeb121f/X2304 2019.1.01757.S
587736523763876045 0.04959 10.7517 4.81338 217.75979166663842 5.340647222222915 2.6397161910790823 24.191355928987075 45 0 1 2021 411612 uid://A001/X15a2/X74c uid://A001/X15a2/X74b uid://A002/Xf73ead/X11da 2021.1.01089.S
588017991761068141 0.044538 10.7661 3.49178 198.752541666647 10.009172222222796 2.681910561462162 25.206066211661064 45 0 1 2021 568116 uid://A001/X15a2/X767 uid://A001/X15a2/X766 uid://A002/Xf73ead/Xc13 2021.1.01089.S
588017725480435757 0.04934 10.7435 4.12539 199.21829166664403 7.290066666667236 2.640514103862391 24.550575418932205 45 0 1 2021 43163 uid://A001/X15a2/X767 uid://A001/X15a2/X766 uid://A002/Xf73ead/Xc13 2021.1.01089.S
588017725478928419 0.048697 10.8847 5.01851 195.7916249999857 7.5485916666668995 2.631915532496692 24.637697756188896 45 0 1 2021 561882 uid://A001/X15a2/X767 uid://A001/X15a2/X766 uid://A002/Xf73ead/Xc13 2021.1.01089.S
587727220865040712 0.027062 10.3625 3.40334 332.79873 11.800732 2.455834558374223 26.449726003282965 35 0 2 2015 manga_7977-3704 uid://A001/X2fa/X53 uid://A001/X2fa/X52 uid://A002/Xaea19c/X1f2f 2015.1.01225.S
587727220859011175 0.029296 10.5502 6.09301 318.99044791664346 9.543075555556378 2.6096521805431117 23.425056546711332 45 0 0 2017 7815-12705 uid://A001/X1288/Xeb9 uid://A001/X1288/Xeb8 uid://A002/Xcef406/Xbaf2 2017.1.01093.S
587742773487665337 0.044949 10.9032 6.95721 186.63629166668838 16.844655555556688 2.9835982663548126 27.640880609158774 42 0 1 2021 654650 uid://A001/X15a2/X75e uid://A001/X15a2/X75d uid://A002/Xf5e73e/X1b06 2021.1.01089.S
587742863677718656 0.04434 10.7317 3.32663 184.77491666669133 16.970761111112626 2.986283957751309 27.731590996968023 42 0 1 2021 609961 uid://A001/X15a2/X75e uid://A001/X15a2/X75d uid://A002/Xf5e73e/X1b06 2021.1.01089.S
587734892755353685 0.019702 10.5203 5.0616 185.14416666666668 9.852777777777778 1.2264723164417803 12.229821650297092 37 0 0 2013 5511 uid://A001/X144/X1c8 uid://A001/X144/X1c7 uid://A002/Xa18feb/X959 2013.1.00115.S
587734863758033057 0.04591 11.1303 5.47868 156.21891666664737 9.594688888889399 2.6939568770686777 24.564199180396002 45 0 0 2021 113989 uid://A001/X15a2/X731 uid://A001/X15a2/X730 uid://A002/Xf73ead/X8e0 2021.1.01089.S
587726015085478016 0.094153 11.2942 3.69493 217.795625 1.9477500000000003 1.0939699130231157 9.50236775065569 31 0 2 2012 Q14286+0210 uid://A002/X5d7935/X2f2 uid://A002/X5d7935/X2f1 uid://A002/X856bb8/X1eda 2012.1.00539.S
587726015087575099 0.069388 10.6482 1.95595 222.57916666662925 1.8683333333338 1.7326838851255315 19.575978408820394 45 0 0 2017 HATLAS_J145019.0+015206 uid://A001/X1284/X1530 uid://A001/X1284/X152f uid://A002/Xcbdb2a/X3c6c 2017.1.00025.S
587726015086723332 0.067333 10.5659 2.52563 220.68416666662236 1.9794444444451624 1.7624831505764103 20.38622979925975 45 0 0 2017 HATLAS_J144244.2+015846 uid://A001/X1284/X152c uid://A001/X1284/X152b uid://A002/Xcbdb2a/X3612 2017.1.00025.S
587726015069421749 0.019968 9.58254 3.29956 181.1340666666394 2.453185000000276 2.3457002218114664 19.878668953052113 40 0 2 2016 rs0680 uid://A001/X8a9/X5c uid://A001/X8a9/X5b uid://A002/Xbd2fbe/X1c85 2016.1.00948.S
587726015620317332 0.068509 10.6082 1.9477 213.14791666663808 2.5250000000003423 1.0512569916955459 14.190815487120958 42 0 0 2017 HATLAS_J141235.5+023130 uid://A001/X1284/X1534 uid://A001/X1284/X1533 uid://A002/Xca795f/X25d1 2017.1.00025.S
587726015069421736 0.020141 9.10744 5.46431 181.1244083333554 2.4485755555557387 2.349019553395839 20.024537798226945 42 0 0 2016 rs0677 uid://A001/X8a9/X54 uid://A001/X8a9/X53 uid://A002/Xbcde4a/X1026 2016.1.00948.S
587726015069421743 0.019995 9.12565 5.46958 181.1284750000157 2.343366388889158 2.3190242530654714 20.618299501438482 41 0 2 2016 rs0679 uid://A001/X8a9/X58 uid://A001/X8a9/X57 uid://A002/Xbd2fbe/X1e0f 2016.1.00948.S
587727229448421420 0.048411 10.1718 3.06104 24.720504199958008 -10.453172200003161 0.05931169196993742 1.2596264370176709 41 0 4 2017 IRASF01364-1042 uid://A001/X1292/X3a uid://A001/X1292/X39 uid://A002/Xc6a3db/X6490 2017.1.01235.S
587727229448421420 0.048411 10.1718 3.06104 24.720504199982734 -10.453172200003827 0.3038389230178797 8.647606801345617 65 0 1 2017 IRASF01364-1042 uid://A001/X1292/X3c uid://A001/X1292/X39 uid://A002/Xc889b6/X120b 2017.1.01235.S
587739506077663266 0.023364 10.4592 5.33148 177.15882899998073 32.64094200000146 1.422651950407507 16.072275973598916 42 0 0 2015 CIG501 uid://A001/X2fe/X82 uid://A001/X2fe/X7f uid://A002/Xb24884/X67e 2015.1.00587.S
587739506077663266 0.023364 10.4592 5.33148 177.15882900005252 32.640942000014775 0.6524567189955588 11.375979100757785 40 0 0 2015 CIG501 uid://A001/X2fe/X80 uid://A001/X2fe/X7f uid://A002/Xb6e98e/X2489 2015.1.00587.S
587731512082301077 0.021132 9.93911 3.90639 49.45745467995166 -0.5546585200002888 2.697862056861249 25.336509048826297 45 0 0 2019 8080-3704 uid://A001/X1465/X18ab uid://A001/X1465/X18aa uid://A002/Xe5aacf/X5271 2019.1.01136.S
587731512083087420 0.036815 10.6768 4.45073 51.15551799997111 -0.4440175600001045 2.491030470407982 23.48207957355134 43 0 0 2019 WP_8085_3704 uid://A001/X1465/X3505 uid://A001/X1465/X3504 uid://A002/Xe3a5fd/X10fb 2019.1.00260.S
587731512081580233 0.028085 10.4642 5.55572 47.77218208332015 -0.5465377777778231 2.347360429549103 21.480951080410122 44 0 0 2017 8081-9101 uid://A001/X1288/Xed1 uid://A001/X1288/Xed0 uid://A002/Xcfc232/X559f 2017.1.01093.S
587731186724569574 0.054027 10.6099 4.9601 322.98052958330265 0.2137666666667376 2.5341312936890374 23.45274545129092 45 0 0 2017 8616-6104 uid://A001/X1288/Xefd uid://A001/X1288/Xefc uid://A002/Xcef406/X4341 2017.1.01093.S
587731512617664623 0.027583 10.3171 7.13744 45.960248019996705 -0.20445652000001643 2.786426684755953 26.164412168014536 42 0 0 2021 587731512617664623_8154-9102 uid://A001/X1590/X344b uid://A001/X1590/X344a uid://A002/Xf5c3d2/X19bd 2021.1.00094.S
587741489300766802 0.022786 8.52963 6.00743 175.16349999998317 28.863894000001046 1.3838806475671719 15.41140829759417 42 0 0 2015 CIG494 uid://A001/X2fe/X82 uid://A001/X2fe/X7f uid://A002/Xb24884/X67e 2015.1.00587.S
587741489300766802 0.022786 8.52963 6.00743 175.16350000005352 28.863894000014657 0.6460098728266239 11.382432081778205 40 0 0 2015 CIG494 uid://A001/X2fe/X80 uid://A001/X2fe/X7f uid://A002/Xb6e98e/X2489 2015.1.00587.S
587741490891325518 0.065923 10.9641 4.65495 126.56890868996886 17.362451550002493 1.802875575102585 21.589268852976165 47 0 0 2018 587741490891325518_8241-3704 uid://A001/X133d/Xe83 uid://A001/X133d/Xe82 uid://A002/Xd74c3f/X24ad 2018.1.00541.S
587729159502823552 0.048805 10.6831 3.83781 193.58749999998082 5.282652777778069 2.564280888844866 23.83013457650879 45 0 2 2021 12494 uid://A001/X15a2/X761 uid://A001/X15a2/X760 uid://A002/Xf70fbd/X6910 2021.1.01089.S
587738569248145433 0.044148 10.6949 7.0712 203.27091666666354 14.205144444444457 2.68530680725255 24.598030638176464 43 0 2 2021 224444 uid://A001/X15a2/X749 uid://A001/X15a2/X748 uid://A002/Xf73568/X66c 2021.1.01089.S
587742901791621273 0.04683 10.6775 6.58885 194.6643333333689 16.384402777780974 2.989092610014348 27.97969757724867 42 0 1 2021 159043 uid://A001/X15a2/X764 uid://A001/X15a2/X763 uid://A002/Xf5e73e/X1e55 2021.1.01089.S
587742901788213295 0.045583 10.9669 5.01227 186.63700000001975 16.53706111111204 2.980862137676286 27.566578886030673 42 0 1 2021 328009 uid://A001/X15a2/X75e uid://A001/X15a2/X75d uid://A002/Xf5e73e/X1b06 2021.1.01089.S
588017728154959961 0.049381 10.8884 3.06504 192.9370833333146 6.419941666666993 2.5760605031336565 24.034973196435843 45 0 2 2021 123106 uid://A001/X15a2/X761 uid://A001/X15a2/X760 uid://A002/Xf70fbd/X6910 2021.1.01089.S
587730847963022072 0.024229 9.45384 2.74141 317.4226121599611 0.6277694100002319 2.5179543210699618 24.328804959672855 43 0 0 2019 7964-1902 uid://A001/X1465/X18c3 uid://A001/X1465/X18c2 uid://A002/Xe407cf/X77ae 2019.1.01136.S
587731173842027508 0.096831 11.1227 2.40581 311.7809750000072 0.30046055555576023 2.40834692404175 25.404376165555853 52 0 0 2018 8623-6104 uid://A001/X133d/Xf49 uid://A001/X133d/Xf48 uid://A002/Xd7be9d/X7e9d 2018.1.00558.S
587731173842027508 0.096831 11.1227 2.40581 311.780975339982 0.3004607000000825 2.4036823492395256 26.413748934418336 47 0 4 2018 587731173842027508_8623-6104 uid://A001/X133d/Xea3 uid://A001/X133d/Xea2 uid://A002/Xd90607/X46d0 2018.1.00541.S
587731174378242099 0.026822 10.6387 7.80381 310.2170716666732 0.65280444444444 2.4478770549578885 21.427619493190804 43 0 0 2017 8623-12702 uid://A001/X1288/Xf01 uid://A001/X1288/Xf00 uid://A002/Xced5df/Xe279 2017.1.01093.S
587731185665638418 0.071143 11.1262 3.6788 356.7518308333552 -0.44738722222225336 1.5853102363457703 18.706425592281555 48 0 0 2018 8655-3701 uid://A001/X133d/Xf45 uid://A001/X133d/Xf44 uid://A002/Xd77a17/X1db4 2018.1.00558.S
587731185663738026 0.119239 10.6433 1.61547 352.38524999996014 -0.5296111111112091 1.6472003359372154 17.343981741858677 42 0 1 2019 HELMS_RED_385 uid://A001/X1467/X8d uid://A001/X1467/X8c uid://A002/Xe2e091/Xd93 2019.1.01257.S
587730847427265072 0.033194 10.7194 5.43936 319.9197387499994 0.12094083333333859 2.4617576655577342 21.662799338505863 43 0 0 2017 8615-9101 uid://A001/X1288/Xef1 uid://A001/X1288/Xef0 uid://A002/Xced5df/Xe54d 2017.1.01093.S
587731185650565143 0.030256 10.7453 2.57975 322.3021545833261 -0.6217580555555678 2.442363298264799 22.623706502987382 45 0 0 2017 8616-1902 uid://A001/X1288/Xef9 uid://A001/X1288/Xef8 uid://A002/Xcef406/Xbd44 2017.1.01093.S
587730848501530706 0.019859 8.94949 3.27708 321.0721999999793 1.0283599000000918 2.3128135678110455 22.44619874444809 42 0 0 2019 PM1_8615_1901 uid://A001/X1465/X34e5 uid://A001/X1465/X34e4 uid://A002/Xe37224/X110df 2019.1.00260.S
587731185650827595 0.091797 11.0666 2.40613 322.90884000002336 -0.6082048000000801 1.6757260961719846 20.206713739926826 49 0 0 2019 WP_8616_9101 uid://A001/X1465/X3519 uid://A001/X1465/X3518 uid://A002/Xe2eefc/Xb219 2019.1.00260.S
587730847423791750 0.024669 10.2167 2.19822 312.023620000051 0.06884139000002197 2.047619931164363 21.596542929452585 44 0 0 2019 PM1_8623_1902 uid://A001/X1465/X3515 uid://A001/X1465/X3514 uid://A002/Xe37224/Xbf04 2019.1.00260.S
587742615097442546 0.038242 10.1579 4.4184 237.47441666667882 15.415583333335718 1.0610397790185266 15.306272118129755 47 0 0 2022 65887 uid://A001/X2f52/X2e6 uid://A001/X2f52/X2e5 uid://A002/X10275c0/X7372 2022.1.00482.S
587742628533174350 0.040509 10.8925 8.49319 241.4087666666667 10.035425 2.284304104368864 23.94949909343716 42 0 3 2015 AGC_260164 uid://A001/X2f7/X36d uid://A001/X2f7/X36c uid://A002/Xaf2188/X4a78 2015.1.00389.S
587742774014902428 0.048301 10.7022 3.25915 163.62679166667087 16.093177777777814 2.986473525338217 27.407744658366248 42 0 1 2021 46727 uid://A001/X15a2/X734 uid://A001/X15a2/X733 uid://A002/Xf61d3a/X13f3 2021.1.01089.S
587742627985948960 0.040605 10.5879 6.08747 217.7108750000388 14.503191666670153 2.9834874852206035 27.24717572156522 42 0 1 2021 387663 uid://A001/X15a2/X74f uid://A001/X15a2/X74e uid://A002/Xf61d3a/X1d2b 2021.1.01089.S
587742627985948960 0.040605 10.5879 6.08747 217.7108750000388 14.503191666670153 2.9834874852206035 27.24717572156522 42 0 1 2021 387663 uid://A001/X15a2/X74f uid://A001/X15a2/X74e uid://A002/Xf61d3a/X1d2b 2021.1.01089.S
587742628524720281 0.021778 9.38634 5.2236 222.03666666666666 14.130555555555556 1.2242710459397226 12.497084136751482 37 0 0 2013 7316 uid://A001/X144/X1d8 uid://A001/X144/X1d7 uid://A002/Xa18feb/Xc9a 2013.1.00115.S
588017702930546711 0.043781 10.9618 3.55223 180.12412500003063 11.992277777779513 2.9127925560273233 27.608357630219157 42 0 1 2021 232409 uid://A001/X15a2/X75e uid://A001/X15a2/X75d uid://A002/Xf5e73e/X1b06 2021.1.01089.S
587739811020079320 0.028212 10.6085 7.03012 204.68383791666133 26.32853888888903 1.729887025319573 21.490224548478466 49 0 0 2017 8952-12701 uid://A001/X1288/Xf11 uid://A001/X1288/Xf10 uid://A002/Xd0e450/X92c3 2017.1.01093.S
587722984438235345 0.07191 10.5795 2.52984 211.53416666664168 0.916944444444546 1.0416515109094733 14.16218275309094 42 0 0 2017 HATLAS_J140608.2+005501 uid://A001/X1284/X1534 uid://A001/X1284/X1533 uid://A002/Xca795f/X25d1 2017.1.00025.S
587736541485400245 0.140092 11.2904 2.36214 224.37925 7.059166666666667 0.71104417779438 7.122566665345494 32 0 2 2012 Q14550+0715 uid://A002/X5d7935/X2e8 uid://A002/X5d7935/X2e7 uid://A002/X8a5fcf/X80 2012.1.00539.S
587736543624036453 0.053785 11.4599 7.8486 204.0560125 10.478203888888908 2.180639325300124 20.321000844404693 37 0 3 2015 AGC_8585 uid://A001/X2f7/X361 uid://A001/X2f7/X360 uid://A002/Xaef195/X64b0 2015.1.00389.S
588848900443668580 0.042274 10.8448 4.21544 166.63862500005382 0.28000833333347186 2.6605282820794964 26.303935167547753 44 0 1 2021 645479 uid://A001/X15a2/X73a uid://A001/X15a2/X739 uid://A002/Xf702a4/X2285 2021.1.01089.S
588848900446027787 0.049154 10.8225 4.68879 171.90304166671166 0.3952388888890088 2.610051299071899 25.67602405069865 44 0 1 2021 65228 uid://A001/X15a2/X73a uid://A001/X15a2/X739 uid://A002/Xf702a4/X2285 2021.1.01089.S
588010359075700997 0.289915 12.1422 2.86575 155.9151259999579 4.1862100000023785 2.5405745800111306 29.5363734701455 48 0 4 2018 zwicky_3146 uid://A001/X133d/X26c4 uid://A001/X133d/X26c3 uid://A002/Xd8978c/X1b73 2018.1.00940.S
588010359607656603 0.023032 10.8937 6.08612 144.57624999996156 4.094266666667644 2.179150423447044 20.493688044274325 41 0 3 2016 rs0107 uid://A001/X8a9/X6c uid://A001/X8a9/X6b uid://A002/Xbcb16f/X20af 2016.1.00948.S
588010359607656594 0.023793 8.98387 6.21291 144.56208333329178 4.152713888890067 2.081879335090489 19.757207950976024 43 0 3 2016 rs0105 uid://A001/X8a9/X74 uid://A001/X8a9/X73 uid://A002/Xbcb16f/X4818 2016.1.00948.S
588010359075700997 0.289915 12.1422 2.86575 155.9151258999884 4.186319444445193 0.24300438365028124 4.25615512502007 47 0 3 2018 zw_3146 uid://A001/X133d/X2938 uid://A001/X133d/X2937 uid://A002/Xe014a2/X54aa 2018.1.01056.S
587748930309587022 0.045861 11.141 5.29612 168.9558750000489 0.8604083333337111 2.6155522940639653 25.663710842398746 44 0 1 2021 122117 uid://A001/X15a2/X73a uid://A001/X15a2/X739 uid://A002/Xf702a4/X2285 2021.1.01089.S
588010358536405089 0.042656 10.7225 5.46679 150.39920833332621 3.6132777777777925 2.5929102457509625 23.68236322698051 45 0 0 2021 168778 uid://A001/X15a2/X731 uid://A001/X15a2/X730 uid://A002/Xf73ead/X8e0 2021.1.01089.S
588010358536405089 0.042656 10.7225 5.46679 150.39920833332621 3.6132777777777925 2.5929102457509625 23.68236322698051 45 0 0 2021 168778 uid://A001/X15a2/X731 uid://A001/X15a2/X730 uid://A002/Xf73ead/X8e0 2021.1.01089.S
588017702393282739 0.030646 9.38479 4.17985 179.14712500002707 11.589916666668326 1.0347279070056352 14.286705627863155 44 0 0 2022 34439 uid://A001/X2f52/X2f9 uid://A001/X2f52/X2f8 uid://A002/X102cd30/X9f3f 2022.1.00482.S
588017702930546711 0.043781 10.9618 3.55223 180.12412500003063 11.992277777779513 2.9127925560273233 27.608357630219157 42 0 1 2021 232409 uid://A001/X15a2/X75e uid://A001/X15a2/X75d uid://A002/Xf5e73e/X1b06 2021.1.01089.S
587735043075211514 0.035737 9.81652 4.01541 128.8027499999786 28.622083333336267 1.1703332845371273 16.446022800602023 46 0 0 2022 27289 uid://A001/X2f52/X2cf uid://A001/X2f52/X2ce uid://A002/X1026621/X4425 2022.1.00482.S
587738570323984428 0.040461 11.1877 4.68909 208.2902916666592 14.65580555555567 2.68213099745642 24.599840386425054 43 0 2 2021 93078 uid://A001/X15a2/X749 uid://A001/X15a2/X748 uid://A002/Xf73568/X66c 2021.1.01089.S
587738570323984428 0.040461 11.1877 4.68909 208.2902916666592 14.65580555555567 2.68213099745642 24.599840386425054 43 0 2 2021 93078 uid://A001/X15a2/X749 uid://A001/X15a2/X748 uid://A002/Xf73568/X66c 2021.1.01089.S
587724648717615243 0.049775 10.7692 4.49855 174.11416666670922 -2.9189805555565056 2.544635774846768 24.838621029712346 44 0 1 2021 123988 uid://A001/X15a2/X73a uid://A001/X15a2/X739 uid://A002/Xf702a4/X2285 2021.1.01089.S
587722984441250023 0.069836 10.2037 1.43384 218.40291666663197 0.8450000000001923 1.05561388281993 14.286167189979778 42 0 0 2017 HATLAS_J143336.7+005042 uid://A001/X1284/X1534 uid://A001/X1284/X1533 uid://A002/Xca795f/X25d1 2017.1.00025.S
587722984438235345 0.07191 10.5795 2.52984 211.53416666664168 0.916944444444546 1.0416515109094733 14.16218275309094 42 0 0 2017 HATLAS_J140608.2+005501 uid://A001/X1284/X1534 uid://A001/X1284/X1533 uid://A002/Xca795f/X25d1 2017.1.00025.S
587724197746311240 0.06422 11.266 4.64896 27.84278299998045 13.060335000000732 1.7412262576162147 21.421210430987685 46 0 0 2019 PM1_9195_3702 uid://A001/X1465/X34ed uid://A001/X1465/X34ec uid://A002/Xe2eefc/X2470 2019.1.00260.S
587722984440135850 0.040088 10.4676 4.06591 215.90105000000398 1.0076033999999885 1.0196288568593597 11.62237336055794 41 0 3 2017 GAMA106389 uid://A001/X1273/X70e uid://A001/X1273/X70d uid://A002/Xca525b/X1280 2017.1.00601.S
588015508220674193 0.040288 9.96819 2.00221 57.173610350006626 -0.6510002799999964 2.51938020924966 23.75670318304511 43 0 0 2019 8086-3704 uid://A001/X1465/X18cf uid://A001/X1465/X18ce uid://A002/Xe50c9e/X1679f 2019.1.01136.S
588015507657719904 0.045354 10.6409 4.60979 357.6517333333413 -1.1280897222222368 2.1400570896194546 20.70118440548269 46 0 4 2017 8655-12705 uid://A001/X1288/Xf05 uid://A001/X1288/Xf04 uid://A002/Xcf525f/X4b6e 2017.1.01093.S
588015507681116279 0.025227 10.5212 6.27703 51.02711458336172 -1.0578588888889857 2.482534890599378 23.82736209505937 42 0 0 2017 8084-12705 uid://A001/X1288/Xee5 uid://A001/X1288/Xee4 uid://A002/Xcfc232/X6186 2017.1.01093.S
588015507682295979 0.037144 11.1674 5.73878 53.81411375004154 -1.2286091666669625 2.2217923388158143 21.18788462130956 41 0 3 2017 8155-6101 uid://A001/X1288/Xeed uid://A001/X1288/Xeec uid://A002/Xce3de5/X2a6c 2017.1.01093.S
588015508213989555 0.045791 10.4951 6.22722 42.03278350996399 -0.752315940000193 1.5997453519867726 19.449051835320912 48 0 0 2018 588015508213989555_8077-6104 uid://A001/X133d/Xe93 uid://A001/X133d/Xe92 uid://A002/Xd77a17/X1f36 2018.1.00541.S
588015507662831756 0.072328 10.3213 2.86026 9.267066670032632 -1.1522777800001662 1.6647353377931249 19.41908461201953 49 0 0 2019 PKS0034-01 uid://A001/X1465/X1d67 uid://A001/X1465/X1d66 uid://A002/Xe32bed/Xba9f 2019.1.01022.S
588017724942123025 0.049174 10.9114 3.18574 195.8932083333161 6.953633333333653 2.6311355748445733 24.47745781119436 45 0 1 2021 180917 uid://A001/X15a2/X767 uid://A001/X15a2/X766 uid://A002/Xf73ead/Xc13 2021.1.01089.S
588017990685098068 0.045324 11.0259 4.78797 193.56199999998285 9.441513888889288 2.6210194396726028 24.35874291658944 45 0 2 2021 618039 uid://A001/X15a2/X761 uid://A001/X15a2/X760 uid://A002/Xf70fbd/X6910 2021.1.01089.S
588017990686605426 0.049086 10.7391 4.6789 197.09312499998094 9.315116666667171 2.668241654219847 25.00223258671773 45 0 1 2021 412027 uid://A001/X15a2/X767 uid://A001/X15a2/X766 uid://A002/Xf73ead/Xc13 2021.1.01089.S
587726033318641811 0.049901 10.6815 6.8653 171.6087500000477 2.9327250000012177 2.6360154852668183 25.764715098602387 44 0 1 2021 501763 uid://A001/X15a2/X73a uid://A001/X15a2/X739 uid://A002/Xf702a4/X2285 2021.1.01089.S
587726032781639783 0.049328 10.9753 3.27909 171.32150000004748 2.446913888889875 2.6277625058699345 25.68691529692927 44 0 1 2021 323889 uid://A001/X15a2/X73a uid://A001/X15a2/X739 uid://A002/Xf702a4/X2285 2021.1.01089.S
587726031692824812 0.128077 10.6933 1.52046 136.95864958333334 1.0282686111111108 2.4974584715884327 24.436651538314674 39 0 0 2013 HOT2_EI_CII_G09.v2.107 uid://A001/X147/X2e9 uid://A001/X147/X2e8 uid://A002/X9a5759/X1ac1 2013.1.00530.S
587726031692824812 0.128077 10.6933 1.52046 136.95852916666814 1.02827222222223 0.5375412440479748 8.153108354571295 38 0 0 2015 G09.v2.107 uid://A001/X5a3/X87 uid://A001/X5a3/X86 uid://A002/Xb6a8c1/X5e6c 2015.1.01012.S
587727227305197774 0.048138 9.10995 1.08757 10.383765403728418 -9.272388852295606 1.0041657847383707 13.918711566657475 47 0 3 2017 JO201_CO10B uid://A001/X12a3/X2c1 uid://A001/X12a3/X2c0 uid://A002/Xca5b1c/X2a25 2017.1.00496.S
587727227305197789 0.058542 10.7592 2.11816 10.379937786660237 -9.259944375764553 2.192428081093719 21.469952135206498 46 0 4 2017 JO201_CO10 uid://A001/X12a3/X2c3 uid://A001/X12a3/X2c0 uid://A002/Xcf525f/X48b8 2017.1.00496.S
587727227305197774 0.048138 9.10995 1.08757 10.383765403679545 -9.272388852295327 2.1880575292874114 21.385245581696932 46 0 4 2017 JO201_CO10B uid://A001/X12a3/X2c3 uid://A001/X12a3/X2c0 uid://A002/Xcf525f/X48b8 2017.1.00496.S
587727227305197789 0.058542 10.7592 2.11816 10.379937786709151 -9.259944375764602 1.0048904760491977 13.913947601529252 47 0 3 2017 JO201_CO10 uid://A001/X12a3/X2c1 uid://A001/X12a3/X2c0 uid://A002/Xca5b1c/X2a25 2017.1.00496.S
587728308030275662 0.046548 10.8164 6.54284 172.28179166671208 2.015552777778507 2.612281696295923 25.294788785836417 44 0 1 2021 150056 uid://A001/X15a2/X73a uid://A001/X15a2/X739 uid://A002/Xf702a4/X2285 2021.1.01089.S
588017725480435757 0.04934 10.7435 4.12539 199.21829166664403 7.290066666667236 2.640514103862391 24.550575418932205 45 0 1 2021 43163 uid://A001/X15a2/X767 uid://A001/X15a2/X766 uid://A002/Xf73ead/Xc13 2021.1.01089.S
588017725478928419 0.048697 10.8847 5.01851 195.7916249999857 7.5485916666668995 2.631915532496692 24.637697756188896 45 0 1 2021 561882 uid://A001/X15a2/X767 uid://A001/X15a2/X766 uid://A002/Xf73ead/Xc13 2021.1.01089.S
588017724942123025 0.049174 10.9114 3.18574 195.8932083333161 6.953633333333653 2.6311355748445733 24.47745781119436 45 0 1 2021 180917 uid://A001/X15a2/X767 uid://A001/X15a2/X766 uid://A002/Xf73ead/Xc13 2021.1.01089.S
588017729231782014 0.049869 10.7489 4.53186 200.0260833333098 7.059163888889494 2.6405627649572736 24.500394077196344 45 0 1 2021 465801 uid://A001/X15a2/X767 uid://A001/X15a2/X766 uid://A002/Xf73ead/Xc13 2021.1.01089.S
588848898833383482 0.046552 10.9995 7.34095 167.33387500005048 -0.853597222222699 2.611166229266617 25.742820148307242 44 0 1 2021 114808 uid://A001/X15a2/X73a uid://A001/X15a2/X739 uid://A002/Xf702a4/X2285 2021.1.01089.S
587732053236384121 0.026638 10.8478 7.10436 119.31439110098125 27.496015549401235 2.8576444582566434 27.00398007692073 46 0 0 2019 8149-12704 uid://A001/X1465/X2a75 uid://A001/X1465/X2a74 uid://A002/Xe5ed76/X1595c 2019.1.00597.S
588017990147440789 0.047388 11.0347 7.44425 191.78912499998694 9.016316666666897 2.6113219521360875 24.45240231409534 45 0 2 2021 631801 uid://A001/X15a2/X761 uid://A001/X15a2/X760 uid://A002/Xf70fbd/X6910 2021.1.01089.S
588017990147113091 0.047844 10.8094 7.48079 191.01679166665403 9.06332500000021 2.614455074116131 24.46935118394243 45 0 2 2021 408880 uid://A001/X15a2/X761 uid://A001/X15a2/X760 uid://A002/Xf70fbd/X6910 2021.1.01089.S
588017990149931108 0.04744 10.676 6.55512 197.56229166664596 8.7513222222228 2.659332159927709 24.906224343293296 45 0 1 2021 498513 uid://A001/X15a2/X767 uid://A001/X15a2/X766 uid://A002/Xf73ead/Xc13 2021.1.01089.S
587726013996466476 0.021005 8.48408 4.09881 182.98993750001242 1.4891475000001517 2.4150736726302324 26.393714893550793 44 0 2 2016 rs0767 uid://A001/X8a9/X68 uid://A001/X8a9/X67 uid://A002/Xbd9424/X43cc 2016.1.00948.S
587726014011539630 0.029753 9.44652 3.24619 217.38574999994742 1.1173821000006443 1.0303458189457724 14.275005458898704 43 0 0 2017 GAMA228432 uid://A001/X1273/X716 uid://A001/X1273/X715 uid://A002/Xca6c94/X2ce5 2017.1.00601.S
587726014546641125 0.025878 9.57757 5.03035 213.32891666665216 1.664402777777843 1.0030001047619859 11.52458887636425 41 0 3 2017 GAMA238125 uid://A001/X1273/X6fe uid://A001/X1273/X6fd uid://A002/Xca525b/X1087 2017.1.00601.S
588023669708816634 0.035618 9.49906 4.21313 184.5608333333373 20.333472222222255 1.0847088328454686 14.281165935437427 45 0 0 2022 63263 uid://A001/X2f52/X2fc uid://A001/X2f52/X2fb uid://A002/X102cd30/X3182 2022.1.00482.S
588010878226530456 0.048655 10.9018 5.5004 189.86749999998932 4.267861111111177 2.5519677699755494 23.609615337180802 45 0 2 2021 246603 uid://A001/X15a2/X761 uid://A001/X15a2/X760 uid://A002/Xf70fbd/X6910 2021.1.01089.S
588010360147804302 0.042044 11.0784 5.28971 152.06679166665592 4.9153666666667375 2.604896941280868 23.98983750509881 45 0 0 2021 14265 uid://A001/X15a2/X731 uid://A001/X15a2/X730 uid://A002/Xf73ead/X8e0 2021.1.01089.S
588010360147804302 0.042044 11.0784 5.28971 152.06679166665592 4.9153666666667375 2.604896941280868 23.98983750509881 45 0 0 2021 14265 uid://A001/X15a2/X731 uid://A001/X15a2/X730 uid://A002/Xf73ead/X8e0 2021.1.01089.S
588848899928490158 0.066164 10.0393 2.18613 216.06958333330175 -0.038333333333315366 1.0489042847167138 14.156860974808039 42 0 0 2017 HATLAS_J142416.7-000218 uid://A001/X1284/X1534 uid://A001/X1284/X1533 uid://A002/Xca795f/X25d1 2017.1.00025.S
588848900429185386 0.050439 10.7103 3.83826 133.4429625 0.21456138888888918 2.339051918245524 23.05123451943157 40 0 0 2013 HOT2_EI_CII_G09.v2.45 uid://A001/X147/X2e1 uid://A001/X147/X2e0 uid://A002/X9a5759/X168b 2013.1.00530.S
588848900429185433 0.050844 10.2667 3.93401 133.4846725 0.21562861111111112 2.340128765605944 23.290969228550246 40 0 0 2013 HOT2_EI_CII_G09.v2.170 uid://A001/X147/X2e1 uid://A001/X147/X2e0 uid://A002/X9a5759/X168b 2013.1.00530.S
588848900431216934 0.054463 10.7629 4.0257 138.15125999997 0.30949099999999663 2.3905153207294707 23.31632724895044 43 0 0 2019 PM1_9512_3704 uid://A001/X1465/X34f1 uid://A001/X1465/X34f0 uid://A002/Xe37224/X1431b 2019.1.00260.S
588017991221379185 0.045122 10.9149 5.79055 192.34316666665052 9.817672222222615 2.626093342967915 24.40079990267986 45 0 2 2021 189167 uid://A001/X15a2/X761 uid://A001/X15a2/X760 uid://A002/Xf70fbd/X6910 2021.1.01089.S
588017990685098068 0.045324 11.0259 4.78797 193.56199999998285 9.441513888889288 2.6210194396726028 24.35874291658944 45 0 2 2021 618039 uid://A001/X15a2/X761 uid://A001/X15a2/X760 uid://A002/Xf70fbd/X6910 2021.1.01089.S
588017991233110227 0.049877 10.8772 3.68469 219.38729166663566 8.078619444445703 2.7052662601929693 24.663341545380916 45 0 1 2021 308811 uid://A001/X15a2/X74c uid://A001/X15a2/X74b uid://A002/Xf73ead/X11da 2021.1.01089.S
588017990686605426 0.049086 10.7391 4.6789 197.09312499998094 9.315116666667171 2.668241654219847 25.00223258671773 45 0 1 2021 412027 uid://A001/X15a2/X767 uid://A001/X15a2/X766 uid://A002/Xf73ead/Xc13 2021.1.01089.S
587731512085708963 0.039814 10.8845 4.72397 57.24298458336474 -0.5211200000001712 2.2578510513791756 27.24302124929918 47 0 3 2017 8086-9101 uid://A001/X1288/Xee9 uid://A001/X1288/Xee8 uid://A002/Xce3de5/X2b0a 2017.1.01093.S
587731186203230385 0.022037 9.45234 2.71506 358.4688190899555 -0.0987309075214 2.5461901460774454 25.291589356491745 44 0 0 2019 8655-1902 uid://A001/X1465/X18bf uid://A001/X1465/X18be uid://A002/Xe50c9e/X149cf 2019.1.01136.S
587731186729550087 0.092316 10.5132 3.56171 334.40595833336226 0.28630555555563314 0.6181787955076753 10.78976597026901 44 0 1 2017 ALMAJ221737.43+001710.7 uid://A001/X1296/X9b4 uid://A001/X1296/X9b3 uid://A002/Xc94c38/X7bc4 2017.1.00602.S
587731511545233578 0.026797 10.4409 7.56408 48.89645766996178 -1.0162861300003367 1.745085149666932 21.088892908562862 48 0 0 2018 587731511545233578_8082-12701 uid://A001/X133d/Xe97 uid://A001/X133d/Xe96 uid://A002/Xd7aa27/X128 2018.1.00541.S
587731187797393472 0.018303 10.0825 3.58846 320.8264160199527 1.254979970000605 2.516688797018066 24.074131758542613 44 0 0 2018 587731187797393472_8615-3703 uid://A001/X133d/Xe6f uid://A001/X133d/Xe6e uid://A002/Xd7dd07/X81be 2018.1.00541.S
587731511545626673 0.053812 10.0347 2.8611 49.82144164995129 -0.9696313100004825 1.6159869150405919 18.563191742162697 48 0 4 2018 587731511545626673_8081-3704 uid://A001/X133d/Xe73 uid://A001/X133d/Xe72 uid://A002/Xd74c3f/X599 2018.1.00541.S
587731511542022280 0.042889 10.4903 3.46663 41.64311208333703 -0.8435372222222467 2.4497630626542755 23.389928360599374 48 0 0 2018 8077-9101 uid://A001/X133d/Xf51 uid://A001/X133d/Xf50 uid://A002/Xd86f11/X346 2018.1.00558.S
587731187798507929 0.086001 11.0473 3.94919 323.4075600000394 1.0709267000002527 1.7392746705428863 20.417513804716258 46 0 0 2019 CP_7968_12705 uid://A001/X1465/X34dd uid://A001/X1465/X34dc uid://A002/Xe34c04/X105b 2019.1.00260.S
587731511541432411 0.038198 9.27281 3.97176 40.30401999994972 -0.87703000000046 2.5713273661216807 24.500391057362236 43 0 0 2019 PM2_8153_12702 uid://A001/X1465/X34f5 uid://A001/X1465/X34f4 uid://A002/Xe3a5fd/Xb00 2019.1.00260.S
588848900981653685 0.045898 10.7355 5.65044 169.10370833338402 0.7818833333336945 2.632596143977002 25.784995882887763 44 0 1 2021 527928 uid://A001/X15a2/X73a uid://A001/X15a2/X739 uid://A002/Xf702a4/X2285 2021.1.01089.S
587726031707897955 0.048427 10.7853 3.51375 171.30970833338102 1.7984027777784974 2.619325642981031 25.604873743127957 44 0 1 2021 440644 uid://A001/X15a2/X73a uid://A001/X15a2/X739 uid://A002/Xf702a4/X2285 2021.1.01089.S
587726032234610739 0.073934 11.2523 4.15776 148.11575 1.68925 1.1385355609396575 9.98017963167775 29 0 0 2012 Q09498+0155 uid://A002/X5d7935/X2e0 uid://A002/X5d7935/X2df uid://A002/X856bb8/Xe15 2012.1.00539.S
587726032228188446 0.04407 10.1912 2.77952 133.52438166666667 1.1917727777777773 2.355382699624014 23.32345988040278 40 0 0 2013 HOT2_EI_CII_G09.v2.137 uid://A001/X147/X2e1 uid://A001/X147/X2e0 uid://A002/X9a5759/X168b 2013.1.00530.S
587726032227008788 0.077701 10.3341 1.66023 130.77143291666667 1.1488927777777778 2.475698414833069 25.142469750349864 40 0 0 2013 HOT2_EI_CII_G09.v2.167 uid://A001/X147/X2e5 uid://A001/X147/X2e4 uid://A002/X9a5759/X13e6 2013.1.00530.S
587726032228909342 0.071052 10.7386 2.24244 135.1425 1.3155555555555556 2.412421410303381 22.853284684380938 39 0 0 2013 HATLAS_J090034.2+011856 uid://A001/X147/X2d2 uid://A001/X147/X2d1 uid://A002/X9a24bb/X1bd0 2013.1.00058.S
587726032227336433 0.069964 10.5316 2.27111 131.46666666666667 1.1891666666666667 2.3888996700223455 22.7827158709283 39 0 0 2013 HATLAS_J084552.0+011121 uid://A001/X147/X2ce uid://A001/X147/X2cd uid://A002/X9a24bb/X184b 2013.1.00058.S
587735349650391137 0.046185 11.054 8.71403 188.54295833334967 15.968213888889496 2.962374859213898 27.396754335924673 42 0 1 2021 373633 uid://A001/X15a2/X75e uid://A001/X15a2/X75d uid://A002/Xf5e73e/X1b06 2021.1.01089.S
587735349649211436 0.004912 9.06418 19.1152 185.7287458299451 15.823420779926737 0.8850213129036696 9.494775499289483 42 0 0 2016 NGC_4321 uid://A001/X87d/X6d4 uid://A001/X87d/X6d3 uid://A002/Xba839d/X4e70 2016.1.00972.S
587735349649211436 0.004912 9.06418 19.1152 185.72874580004427 15.823420819922177 1.2308997405816602 14.61245793093912 34 0 0 2015 NGC_4321 uid://A001/X2fb/X27 uid://A001/X2fb/X26 uid://A002/Xb39557/X7c7 2015.1.00978.S
587745540509532541 0.046808 11.0192 9.93965 130.83914166666668 10.726082222222226 2.196377269700272 21.309252364990375 40 0 3 2015 AGC_4552 uid://A001/X2f7/X34d uid://A001/X2f7/X34c uid://A002/Xaecf7b/X3f78 2015.1.00389.S
587722982828605759 0.124999 10.6076 1.29997 213.80287499997775 -0.2769722222222355 1.5665996614011901 18.647236991074745 43 0 0 2019 UR7G uid://A001/X1467/Xf6 uid://A001/X1467/Xf5 uid://A002/Xe2eefc/X1a512 2019.1.01257.S
587722982828605759 0.124999 10.6076 1.29997 213.8028750000574 -0.27697222222258233 1.8435539133800483 23.138213863571757 42 0 0 2019 UR7G uid://A001/X1467/X99 uid://A001/X1467/X98 uid://A002/Xe2eefc/X1264b 2019.1.01257.S
587722982291865751 0.048882 10.9458 6.57337 214.1206250000557 -0.7438916666673244 2.668396204078509 26.901373768893666 45 0 1 2021 105386 uid://A001/X15a2/X746 uid://A001/X15a2/X745 uid://A002/Xf73ead/X1ef2 2021.1.01089.S
587742060530696249 0.041806 10.134 5.1989 171.74884032999995 21.141675950000376 1.800223128153298 22.468844196218516 51 0 4 2018 587742060530696249_8450-6102 uid://A001/X133d/Xe8f uid://A001/X133d/Xe8e uid://A002/Xd7842e/X1e00 2018.1.00541.S
587728879257190659 0.040214 10.1133 4.19845 132.73821999999575 2.3461727999999966 0.972872289562509 12.563179906869694 41 0 0 2017 GAMA417678 uid://A001/X1273/X702 uid://A001/X1273/X701 uid://A002/Xca464b/X14df 2017.1.00601.S
587728879256207619 0.096023 10.7525 3.98211 130.57439458333334 2.206511111111111 2.512381232547513 24.30185786598004 39 0 0 2013 HOT2_EI_CII_G09.v2.232 uid://A001/X147/X2e9 uid://A001/X147/X2e8 uid://A002/X9a5759/X1ac1 2013.1.00530.S
587729776370122970 0.047109 10.9321 3.37631 213.58041666672352 -3.1865333333359884 2.649213295106799 26.806376663637543 45 0 1 2021 456147 uid://A001/X15a2/X746 uid://A001/X15a2/X745 uid://A002/Xf73ead/X1ef2 2021.1.01089.S
587729776370581627 0.044932 10.8842 5.94092 214.55600000005543 -3.121080555557829 2.6456210657158734 26.70127235443668 45 0 1 2021 299299 uid://A001/X15a2/X746 uid://A001/X15a2/X745 uid://A002/Xf73ead/X1ef2 2021.1.01089.S
587729779054084193 0.054173 10.4879 3.40163 212.59186999997098 -1.1149946000001316 0.9699448903722446 10.068016133887426 38 0 3 2017 GAMA496966 uid://A001/X1273/X722 uid://A001/X1273/X721 uid://A002/Xca3f23/X185e 2017.1.00601.S
587729776375562308 0.216822 11.4747 2.0658 226.03124166666532 -2.804708333334683 0.5790666660397165 7.53065090787076 66 0 0 2016 RXCJ1504.1-0248 uid://A001/X87a/X657 uid://A001/X87a/X656 uid://A002/Xb9dfa4/X7110 2016.1.01269.S
587738568174731481 0.042431 10.7077 5.82454 203.98541666666188 13.343047222222275 2.6685173713619763 24.529302447196883 43 0 2 2021 656018 uid://A001/X15a2/X749 uid://A001/X15a2/X748 uid://A002/Xf73568/X66c 2021.1.01089.S
587738568174534706 0.044123 11.014 3.96824 203.5392500000002 13.280822222222223 2.666081739612483 24.5228492436304 43 0 2 2021 577834 uid://A001/X15a2/X749 uid://A001/X15a2/X748 uid://A002/Xf73568/X66c 2021.1.01089.S
587738568174731329 0.042846 11.0737 6.47779 203.92666666666443 13.330908333333337 2.6625556325639574 24.508982141973977 43 0 2 2021 437037 uid://A001/X15a2/X749 uid://A001/X15a2/X748 uid://A002/Xf73568/X66c 2021.1.01089.S
587731512619827330 0.054822 11.3294 5.36096 50.92233700000384 -0.11703414499999484 2.387416937795399 22.32925004953241 43 0 0 2019 CP_8085_6101 uid://A001/X1465/X3525 uid://A001/X1465/X3524 uid://A002/Xe37224/X12bac 2019.1.00260.S
587731512619630623 0.02535 10.3251 6.4624 50.39136874995784 -0.1783675000001033 2.6171441363584718 24.064629763309835 43 0 0 2017 8081-12703 uid://A001/X1288/Xec5 uid://A001/X1288/Xec4 uid://A002/Xced5df/X5831 2017.1.01093.S
587731512619434064 0.03695 10.9101 4.74761 49.9401358333145 -0.07718916666670823 2.7138481808331973 24.97920510309704 44 0 0 2017 8081-6102 uid://A001/X1288/Xec9 uid://A001/X1288/Xec8 uid://A002/Xcfe75c/X79bd 2017.1.01093.S
587731512619696292 0.021785 10.2559 4.36287 50.636642460008076 -0.0012126899999652045 2.1919206434278973 26.866665706904488 52 0 0 2018 587731512619696292_8084-3702 uid://A001/X133d/Xe9f uid://A001/X133d/Xe9e uid://A002/Xd7be9d/X85a0 2018.1.00541.S
587735348562624651 0.046138 11.0302 5.96178 155.4119583333475 13.312666666669175 2.9431898187411125 28.883265716307484 46 0 1 2021 658645 uid://A001/X15a2/X72b uid://A001/X15a2/X72a uid://A002/Xf5e73e/X16d1 2021.1.01089.S
587735348549451823 0.110073 10.944 1.4087 125.25919166665493 7.863463888891008 0.6365301809881331 7.216578350550384 43 0 3 2016 RXJ0820.9+0752 uid://A001/X87d/Xc77 uid://A001/X87d/Xc76 uid://A002/Xb9fa0c/X3685 2016.1.01269.S
588017991233110227 0.049877 10.8772 3.68469 219.38729166663566 8.078619444445703 2.7052662601929693 24.663341545380916 45 0 1 2021 308811 uid://A001/X15a2/X74c uid://A001/X15a2/X74b uid://A002/Xf73ead/X11da 2021.1.01089.S
587742903401119752 0.020648 9.48084 1.12863 192.06344166662606 17.774019166671447 1.0970105870092974 15.100551339043484 48 0 0 2017 PGC_043234 uid://A001/X1273/X5f1 uid://A001/X1273/X5f0 uid://A002/Xca795f/Xa09d 2017.1.01727.S
587742864742285484 0.048721 10.7379 5.34405 162.86033333333677 16.516938888888912 2.983963284523463 27.355579868746858 42 0 1 2021 67202 uid://A001/X15a2/X734 uid://A001/X15a2/X733 uid://A002/Xf61d3a/X13f3 2021.1.01089.S
588017991761068141 0.044538 10.7661 3.49178 198.752541666647 10.009172222222796 2.681910561462162 25.206066211661064 45 0 1 2021 568116 uid://A001/X15a2/X767 uid://A001/X15a2/X766 uid://A002/Xf73ead/Xc13 2021.1.01089.S
587738409253994578 0.044811 11.1273 6.27349 155.78991666667775 12.239525000002146 2.9246515473685477 28.503481114652995 46 0 1 2021 127995 uid://A001/X15a2/X72b uid://A001/X15a2/X72a uid://A002/Xf5e73e/X16d1 2021.1.01089.S
587739720302329929 0.021465 10.3702 3.68002 223.63174999997455 24.02727777778001 1.0905950992724964 15.058472123786808 46 0 0 2022 53609 uid://A001/X2f52/X2e1 uid://A001/X2f52/X2e0 uid://A002/X102b92b/X93ac 2022.1.00482.S
588297864172929272 0.036532 9.49815 4.2086 122.72712499999017 26.69677777777922 1.1569996970553946 16.143512141808788 46 0 0 2022 26668 uid://A001/X2f52/X2cf uid://A001/X2f52/X2ce uid://A002/X1026621/X4425 2022.1.00482.S
587729157892276433 0.048235 10.8847 6.748 193.78224999998326 4.040341666666843 2.545350437698322 23.591013524510647 45 0 2 2021 653728 uid://A001/X15a2/X761 uid://A001/X15a2/X760 uid://A002/Xf70fbd/X6910 2021.1.01089.S
587731186187632690 0.030211 10.2159 6.04244 322.74945067998465 -0.0005940499999824968 2.5246964861304555 25.59385182657575 46 0 0 2018 587731186187632690_8616-9102 uid://A001/X133d/Xe67 uid://A001/X133d/Xe66 uid://A002/Xd81670/X103d7 2018.1.00541.S
588017728154959961 0.049381 10.8884 3.06504 192.9370833333146 6.419941666666993 2.5760605031336565 24.034973196435843 45 0 2 2021 123106 uid://A001/X15a2/X761 uid://A001/X15a2/X760 uid://A002/Xf70fbd/X6910 2021.1.01089.S
588848899908042794 0.040355 11.1242 5.05725 169.38708333338255 -0.18750277777789198 2.61305136946668 25.7796567217549 44 0 1 2021 244217 uid://A001/X15a2/X73a uid://A001/X15a2/X739 uid://A002/Xf702a4/X2285 2021.1.01089.S
588848899908042794 0.040355 11.1242 5.05725 169.38708333338255 -0.18750277777789198 2.61305136946668 25.7796567217549 44 0 1 2021 244217 uid://A001/X15a2/X73a uid://A001/X15a2/X739 uid://A002/Xf702a4/X2285 2021.1.01089.S
587734862146830473 0.049107 10.6394 2.73693 155.0010999999887 8.226000000000145 1.6172546872835543 14.267868593149974 43 0 2 2016 IRAS_F10173+0828 uid://A001/X87a/X27a uid://A001/X87a/X279 uid://A002/Xbc4a22/X1610 2016.1.00177.S
587726033304944826 0.05041 10.7247 4.19606 140.2934499999994 2.201234400000002 1.0157099712889046 12.157496609731451 42 0 1 2017 GAMA348116 uid://A001/X1273/X726 uid://A001/X1273/X725 uid://A002/Xca525b/X413 2017.1.00601.S
587726032772333771 0.185536 11.103 1.58234 150.07752990996394 2.21603322000043 1.0182688498008972 13.012883432130304 43 0 0 2018 COSMOS-3666 uid://A001/X134b/X1a2 uid://A001/X134b/X1a1 uid://A002/Xd69abb/X2ca4 2018.1.01128.S
587726032263446738 0.082139 11.493 5.23955 214.04927919996024 1.867974300000529 1.7532050170315134 15.507143140200892 43 0 0 2015 2MASXJ14161186+0152048 uid://A001/X2fa/X3b uid://A001/X2fa/X3a uid://A002/Xb18ac0/X20ab 2015.1.00320.S
587726032266789096 0.068752 10.2913 3.41975 221.71666666661926 1.6694444444451608 1.7816574424491953 20.510331726286783 45 0 0 2017 HATLAS_J144652.0+014010 uid://A001/X1284/X152c uid://A001/X1284/X152b uid://A002/Xcbdb2a/X3612 2017.1.00025.S
587726032765059337 0.04101 10.4956 6.04436 133.4197875 1.5633163888888888 2.3594628976697756 23.37465622487585 40 0 0 2013 HOT2_EI_CII_G09.v2.103 uid://A001/X147/X2e1 uid://A001/X147/X2e0 uid://A002/X9a5759/X168b 2013.1.00530.S
587726033300881540 0.025552 10.3121 4.67893 131.11837916666667 2.0638444444444444 2.3590947965724833 22.78666957549321 40 0 0 2013 HOT2_EI_CII_G09.v2.52 uid://A001/X147/X2e1 uid://A001/X147/X2e0 uid://A002/X9a5759/X168b 2013.1.00530.S
587726032764076412 0.070403 10.4109 2.26431 131.24291666666667 1.6741666666666666 2.392401906047772 22.84234822737586 39 0 0 2013 HATLAS_J084458.3+014027 uid://A001/X147/X2ce uid://A001/X147/X2cd uid://A002/X9a24bb/X184b 2013.1.00058.S
587726032766828783 0.181858 11.3488 1.97104 137.45665 1.8127722222222222 2.357841197036924 23.640515721156472 40 0 0 2013 HOT2_EI_CII_G09.v2.26 uid://A001/X147/X2e1 uid://A001/X147/X2e0 uid://A002/X9a5759/X168b 2013.1.00530.S
587726100411121941 0.245468 11.2589 2.48899 216.8987079999932 3.576167000000567 1.6313339693409663 14.523501117025598 39 0 0 2015 AGC242147 uid://A001/X2fe/X177 uid://A001/X2fe/X176 uid://A002/Xb09eed/X2d49 2015.1.00405.S
587726033309335775 0.123606 11.2869 2.84131 150.40387083332186 2.5089211111118277 1.7668972383750914 24.594662144930645 56 0 4 2018 COSMOS-1411106 uid://A001/X133d/X4226 uid://A001/X133d/X4225 uid://A002/Xd9668b/Xaccf 2018.1.01852.S
587727944033960150 0.220586 11.5448 2.82746 150.06848144998102 2.3835518400000986 1.0392094222051593 12.901039413705925 43 0 0 2018 COSMOS-20062 uid://A001/X134b/X1ae uid://A001/X134b/X1ad uid://A002/Xd69abb/X31e0 2018.1.01128.S
587726032772202659 0.092786 10.4685 2.31272 149.78612499997217 2.0847916666676376 1.7105766199301393 22.7370076961916 49 0 0 2019 cosmos_148908 uid://A001/X1465/X39fc uid://A001/X1465/X39fb uid://A002/Xe6a684/X893d 2019.1.00102.S
587729777446617098 0.040404 10.8644 2.83287 219.7737083333849 -2.1157138888901468 2.6287820422324155 26.003765062574526 45 0 1 2021 170103 uid://A001/X15a2/X746 uid://A001/X15a2/X745 uid://A002/Xf73ead/X1ef2 2021.1.01089.S
587729777446617098 0.040404 10.8644 2.83287 219.7737083333849 -2.1157138888901468 2.6287820422324155 26.003765062574526 45 0 1 2021 170103 uid://A001/X15a2/X746 uid://A001/X15a2/X745 uid://A002/Xf73ead/X1ef2 2021.1.01089.S
587729774759313429 0.050129 10.4968 5.45806 214.0219583333896 -1.2603944444455402 2.665413150461298 26.972490102441057 45 0 1 2021 263667 uid://A001/X15a2/X746 uid://A001/X15a2/X745 uid://A002/Xf73ead/X1ef2 2021.1.01089.S
587726877264249088 0.136618 10.8909 1.36391 315.99475000002064 -7.467333333336714 0.21265809962254997 3.420347781339527 54 0 4 2016 210358 uid://A001/X87c/X357 uid://A001/X87c/X356 uid://A002/Xc2c2f2/X1ef5 2016.1.01265.S
587726877262086322 0.141144 10.3631 1.07943 311.0121458333847 -6.782761111115747 0.12943391353031683 3.4658235266990607 44 0 0 2016 G20-2 uid://A001/X8aa/X44 uid://A001/X8aa/X43 uid://A002/Xc44eb5/X5be9 2016.1.00852.S
587726016160727273 0.190579 11.1695 2.61514 221.32866666666834 2.8367500000005776 1.54415710853255 14.272305421002091 39 0 0 2015 AGC249559 uid://A001/X2fe/X183 uid://A001/X2fe/X182 uid://A002/Xb08ef9/X772e 2015.1.00405.S
587726016684228815 0.04861 10.7675 5.65345 190.78899999998652 3.5811861111112058 2.535518933692752 23.498160708512145 45 0 2 2021 136638 uid://A001/X15a2/X761 uid://A001/X15a2/X760 uid://A002/Xf70fbd/X6910 2021.1.01089.S
587726016684359773 0.048019 10.8803 3.57544 190.9844999999854 3.616444444444552 2.5389337578427966 23.50868731387935 45 0 2 2021 122665 uid://A001/X15a2/X761 uid://A001/X15a2/X760 uid://A002/Xf70fbd/X6910 2021.1.01089.S
587739828204077236 0.01759 9.96569 6.42864 220.9237916666484 23.01872222222332 1.0827814979735655 14.850340112531411 46 0 0 2022 54706 uid://A001/X2f52/X2e1 uid://A001/X2f52/X2e0 uid://A002/X102b92b/X93ac 2022.1.00482.S
588017704535785482 0.042633 10.4375 4.9043 167.45541666666668 12.771471944444444 2.2146472400242327 21.367696842903946 40 0 3 2015 AGC_6206 uid://A001/X2f7/X359 uid://A001/X2f7/X358 uid://A002/Xaecf7b/X42c3 2015.1.00389.S
588017704013856887 0.040545 10.8468 4.49301 202.42858333333706 12.190150000000003 2.645107880058608 24.4527955271868 43 0 2 2021 68973 uid://A001/X15a2/X749 uid://A001/X15a2/X748 uid://A002/Xf73568/X66c 2021.1.01089.S
588017704013856887 0.040545 10.8468 4.49301 202.42858333333706 12.190150000000003 2.645107880058608 24.4527955271868 43 0 2 2021 68973 uid://A001/X15a2/X749 uid://A001/X15a2/X748 uid://A002/Xf73568/X66c 2021.1.01089.S
588017704013856826 0.044693 10.682 6.83601 202.51625000000175 12.17519166666667 2.6455751539285197 24.404461169792253 43 0 2 2021 475128 uid://A001/X15a2/X749 uid://A001/X15a2/X748 uid://A002/Xf73568/X66c 2021.1.01089.S
588017704542994539 0.042974 10.7701 5.95458 184.43379166669033 13.17104166666776 2.9114825926736394 26.994070469896773 42 0 1 2021 272690 uid://A001/X15a2/X75e uid://A001/X15a2/X75d uid://A002/Xf5e73e/X1b06 2021.1.01089.S
588017704557281316 0.049313 10.8264 4.07219 217.72304166670622 11.236638888891763 2.927587895430276 26.823793849284495 42 0 1 2021 355825 uid://A001/X15a2/X74f uid://A001/X15a2/X74e uid://A002/Xf61d3a/X1d2b 2021.1.01089.S
587727221401911592 0.062337 9.44169 1.2001 332.8306599999864 12.18471700000033 1.7270269812003096 20.92340195435261 46 0 0 2019 CP_7977_9102 uid://A001/X1465/X3521 uid://A001/X1465/X3520 uid://A002/Xe2eefc/X9003 2019.1.00260.S
587727221402042402 0.027587 10.0418 4.25271 333.0520324700351 12.205190660002406 1.7069624765111973 19.588998829379833 48 0 0 2018 587727221402042402_7977-3703 uid://A001/X133d/Xe6b uid://A001/X133d/Xe6a uid://A002/Xd74c3f/X87cd 2018.1.00541.S
587727221396013696 0.043026 10.2544 3.56806 319.27145374995547 9.97230333333689 2.56732995102331 25.287513017739027 42 0 0 2018 8618-9102 uid://A001/X133d/Xf4d uid://A001/X133d/Xf4c uid://A002/Xd95b2f/X44cc 2018.1.00558.S
587724649790898308 0.041662 10.8153 2.94839 173.18033333337834 -2.1997333333341764 2.5640460538323326 25.293945090494308 44 0 1 2021 286234 uid://A001/X15a2/X73a uid://A001/X15a2/X739 uid://A002/Xf702a4/X2285 2021.1.01089.S
587724649790898308 0.041662 10.8153 2.94839 173.18033333337834 -2.1997333333341764 2.5640460538323326 25.293945090494308 44 0 1 2021 286234 uid://A001/X15a2/X73a uid://A001/X15a2/X739 uid://A002/Xf702a4/X2285 2021.1.01089.S
587724650327441416 0.042746 10.9027 5.71613 172.3247500000474 -1.7080000000007707 2.5816506048271894 25.49663654375739 44 0 1 2021 597654 uid://A001/X15a2/X73a uid://A001/X15a2/X739 uid://A002/Xf702a4/X2285 2021.1.01089.S
587724240159834264 0.028064 10.7374 4.23138 57.69902791668954 -7.028786666667182 2.1290076013229324 20.318238280181912 41 0 3 2017 8728-3701 uid://A001/X1288/Xf09 uid://A001/X1288/Xf08 uid://A002/Xce3de5/X29e3 2017.1.01093.S
587724234256351256 0.02694 10.2701 4.15368 29.052228999988056 14.906639000000286 1.6948518362745095 20.36807449350538 46 0 0 2019 PM1_9195_3703 uid://A001/X1465/X351d uid://A001/X1465/X351c uid://A002/Xe2eefc/X2679 2019.1.00260.S
587724650327113796 0.046764 10.7111 2.91374 171.66945833337934 -1.6937916666673498 2.570336833128779 25.25793208114373 44 0 1 2021 134751 uid://A001/X15a2/X73a uid://A001/X15a2/X739 uid://A002/Xf702a4/X2285 2021.1.01089.S
588848898827288872 0.042385 10.6536 4.34604 153.44717795848888 -0.9120306740588948 1.021334915242082 11.750743697292002 42 0 3 2017 JO204_CO10 uid://A001/X12a3/X2bb uid://A001/X12a3/X2ba uid://A002/Xca525b/X696 2017.1.00496.S
588848898827288872 0.042385 10.6536 4.34604 153.44717795843198 -0.9120306740595091 2.3420287281161642 24.1696060094444 48 0 4 2017 JO204_CO10 uid://A001/X12a3/X2bd uid://A001/X12a3/X2ba uid://A002/Xd8a1ac/X1e30 2017.1.00496.S
588848898833383482 0.046552 10.9995 7.34095 167.33387500005048 -0.853597222222699 2.611166229266617 25.742820148307242 44 0 1 2021 114808 uid://A001/X15a2/X73a uid://A001/X15a2/X739 uid://A002/Xf702a4/X2285 2021.1.01089.S
588848899376939030 0.034899 11.0095 5.65518 182.57448620000372 -0.5178999000000052 1.5058120496076428 13.015327192549194 39 0 0 2015 CGCG013-092 uid://A001/X2fa/X3f uid://A001/X2fa/X3e uid://A002/Xb09eed/X8b80 2015.1.00320.S
587730772799914185 0.078954 10.9574 3.16712 324.89156999998664 10.483480000000288 1.751330221096645 21.390236577166558 46 0 0 2019 PM2_7975_6104 uid://A001/X1465/X34f9 uid://A001/X1465/X34f8 uid://A002/Xe2eefc/X8f6d 2019.1.00260.S
587741817862357042 0.043162 10.225 1.39393 164.82563749999252 24.542861111111296 0.6466509996768549 8.84995117161253 43 0 0 2017 IRAS10565+2448 uid://A001/X1284/X719 uid://A001/X1284/X718 uid://A002/Xd29c1f/X54d0 2017.1.01306.S
587741817862357042 0.043162 10.225 1.39393 164.82553400001288 24.542982000004013 0.2850505849167774 5.631371736398657 46 0 3 2019 IRAS_10565+2448 uid://A001/X1465/X61d uid://A001/X1465/X61c uid://A002/Xede40d/X8212 2019.1.01664.S
588848900466213053 0.035564 9.30252 5.16701 218.05117999999587 0.2232450500000037 1.005475618772056 13.063657964317018 43 0 0 2017 GAMA619098 uid://A001/X1273/X736 uid://A001/X1273/X735 uid://A002/Xca5b1c/X5e51 2017.1.00601.S
588848900465885460 0.056502 10.7512 2.80496 217.3594199999911 0.39756421000001474 0.9617590856444154 10.251856822183866 38 0 3 2017 GAMA618906 uid://A001/X1273/X712 uid://A001/X1273/X711 uid://A002/Xca3f23/X2005 2017.1.00601.S
588848900465950856 0.034456 9.64543 3.29034 217.5520200000192 0.33357013999998736 1.0206611136709347 13.041586143643181 43 0 0 2017 GAMA618935 uid://A001/X1273/X732 uid://A001/X1273/X731 uid://A002/Xca5b1c/X6121 2017.1.00601.S
587735348575535135 0.042381 11.0073 3.8453 185.84933333335624 15.171888888890063 2.9475326912010433 27.27184724747044 42 0 1 2021 640777 uid://A001/X15a2/X75e uid://A001/X15a2/X75d uid://A002/Xf5e73e/X1b06 2021.1.01089.S
587735236883513572 0.038334 9.3347 3.97284 124.5479583333221 26.65391666666823 1.157912807195212 16.097558270646637 46 0 0 2022 27657 uid://A001/X2f52/X2cf uid://A001/X2f52/X2ce uid://A002/X1026621/X4425 2022.1.00482.S
587727220865040712 0.027062 10.3625 3.40334 332.79873 11.800732 2.455834558374223 26.449726003282965 35 0 2 2015 manga_7977-3704 uid://A001/X2fa/X53 uid://A001/X2fa/X52 uid://A002/Xaea19c/X1f2f 2015.1.01225.S
587727220859011175 0.029296 10.5502 6.09301 318.99044791664346 9.543075555556378 2.6096521805431117 23.425056546711332 45 0 0 2017 7815-12705 uid://A001/X1288/Xeb9 uid://A001/X1288/Xeb8 uid://A002/Xcef406/Xbaf2 2017.1.01093.S
587742061095944550 0.034596 10.3234 1.70628 239.5548658233388 13.168820057847874 1.0667576271919947 16.698301164377526 62 0 0 2021 RFGC3064 uid://A001/X159b/Xa8 uid://A001/X159b/Xa7 uid://A002/Xf9e621/X5664 2021.1.00602.S
587742061602144424 0.131718 10.7305 1.94139 166.08995833334333 21.57466666666693 1.8414219875985982 21.533271072215918 42 0 0 2019 J1104+2134 uid://A001/X1465/X381c uid://A001/X1465/X381b uid://A002/Xe2eefc/X10742 2019.1.00147.S
588015509828075649 0.024364 10.0625 6.65803 49.92933999999962 0.5654778500000693 2.5099299648682813 23.813617648072004 45 0 0 2019 WP_8083_12703 uid://A001/X1465/X3509 uid://A001/X1465/X3508 uid://A002/Xe3a5fd/X1477a 2019.1.00260.S
588015509828075795 0.024681 9.28114 4.34458 49.946853809961766 0.6238222034841496 2.6879450598576753 25.781166885222873 43 0 0 2019 8081-3702 uid://A001/X1465/X18c7 uid://A001/X1465/X18c6 uid://A002/Xe5ce70/X3ca 2019.1.01136.S
588015509826830376 0.074304 10.9613 2.67752 47.02945156126471 0.45620836479705984 2.7959868467882325 26.659290708319386 45 0 0 2019 9194-3702 uid://A001/X1465/X18af uid://A001/X1465/X18ae uid://A002/Xe5aacf/X54ef 2019.1.01136.S
588015509826830376 0.074304 10.9613 2.67752 47.02945300001128 0.45620838000000935 1.641632454075977 19.07356382963805 48 0 0 2019 PM1_9194_3702 uid://A001/X1465/X34e9 uid://A001/X1465/X34e8 uid://A002/Xe34c04/Xd594 2019.1.00260.S
588015509828075649 0.024364 10.0625 6.65803 49.92933858003622 0.5654778300001959 2.5463476498798134 25.054925308270235 43 0 0 2019 8083-12703 uid://A001/X1465/X18b7 uid://A001/X1465/X18b6 uid://A002/Xe50c9e/X16a95 2019.1.01136.S
588017729231782014 0.049869 10.7489 4.53186 200.0260833333098 7.059163888889494 2.6405627649572736 24.500394077196344 45 0 1 2021 465801 uid://A001/X15a2/X767 uid://A001/X15a2/X766 uid://A002/Xf73ead/Xc13 2021.1.01089.S
587732156852797555 0.028092 10.3272 4.1606 120.0595981499655 26.698014610004428 2.9318632456813023 27.988876401285207 43 0 0 2019 8941-3701 uid://A001/X1465/X18d7 uid://A001/X1465/X18d6 uid://A002/Xe50c9e/X180f7 2019.1.01136.S
588017571390095595 0.043414 10.7377 6.27738 202.6303333333343 12.519519444444441 2.6525705526545664 24.36908957800052 43 0 2 2021 474401 uid://A001/X15a2/X749 uid://A001/X15a2/X748 uid://A002/Xf73568/X66c 2021.1.01089.S
588017567096307746 0.031042 9.37195 2.95174 175.41491666669924 12.802138888891431 1.0457949184764097 14.902076469485673 44 0 0 2022 32597 uid://A001/X2f52/X2f9 uid://A001/X2f52/X2f8 uid://A002/X102cd30/X9f3f 2022.1.00482.S
588015508754333887 0.132103 11.0381 2.204 49.9495620833352 -0.22114527777781784 1.8774323814746556 27.665084867760164 53 0 0 2017 8082-12704 uid://A001/X1288/Xed5 uid://A001/X1288/Xed4 uid://A002/Xccea8d/X70e7 2017.1.01093.S
588015509289304312 0.087586 10.5677 1.46724 45.61541666666667 0.11444444444444443 0.489357472593784 5.465722738224903 34 0 0 2013 SMM_J030277 uid://A001/X145/X81 uid://A001/X145/X80 uid://A002/Xa9798e/X12c2 2013.1.01223.S
588015509291597939 0.035683 10.5001 3.97191 50.74167625002157 0.054137222222249835 2.5700314348108435 25.163426712884956 44 0 0 2017 8084-6103 uid://A001/X1288/Xee1 uid://A001/X1288/Xee0 uid://A002/Xcfe75c/X81b4 2017.1.01093.S
588015509291991180 0.020477 9.73813 4.04891 51.70891381002565 0.1985888300000699 2.4900065990087508 23.503339561136993 43 0 0 2019 8085-6104 uid://A001/X1465/X18cb uid://A001/X1465/X18ca uid://A002/Xe50c9e/X1694d 2019.1.01136.S
588015508731723912 0.0448 10.0282 3.68743 358.221923829975 -0.3824473600000252 1.5749071889758224 18.611088647261212 49 0 4 2018 588015508731723912_8655-9102 uid://A001/X133d/Xe87 uid://A001/X133d/Xe86 uid://A002/Xd7842e/X291 2018.1.00541.S
588015509267284063 0.184843 11.9811 5.21065 355.251875 0.07915000000000001 0.6092889928819785 6.858981042449747 32 0 2 2013 Cosmic_skidmark uid://A001/X136/X6 uid://A001/X136/X5 uid://A002/X8a3bdd/X578 2013.1.01383.S
588015509267284063 0.184843 11.9811 5.21065 355.251875 0.07915000000000001 2.40667121733297 22.403284675608027 39 0 0 2013 Cosmic_skidmark uid://A001/X136/X8 uid://A001/X136/X5 uid://A002/X97fa9e/X176 2013.1.01383.S
587734892219596881 0.049174 10.8242 3.84179 187.71900000001855 9.400191666667139 2.8499566705364794 26.49466189368003 42 0 1 2021 530542 uid://A001/X15a2/X75e uid://A001/X15a2/X75d uid://A002/Xf5e73e/X1b06 2021.1.01089.S
587732770522792028 0.046245 11.004 4.87775 192.14174999998534 9.129786111111379 2.608555665169971 24.40179716404211 45 0 2 2021 445641 uid://A001/X15a2/X761 uid://A001/X15a2/X760 uid://A002/Xf70fbd/X6910 2021.1.01089.S
587732770506408052 0.04514 10.6945 5.60069 154.23195833331883 7.879497222222468 2.65224412646428 24.625289638849363 45 0 0 2021 318424 uid://A001/X15a2/X731 uid://A001/X15a2/X730 uid://A002/Xf73ead/X8e0 2021.1.01089.S
587728307492552725 0.04792 10.9934 3.9343 170.36366666671498 1.531113888889534 2.6155393082490512 25.655647300492163 44 0 1 2021 265143 uid://A001/X15a2/X73a uid://A001/X15a2/X739 uid://A002/Xf702a4/X2285 2021.1.01089.S
587727944027996390 0.051884 10.6183 3.24673 136.38583375 2.0394069444444454 2.3567780165678336 23.6745966292623 40 0 0 2013 HOT2_EI_CII_G09.v2.58 uid://A001/X147/X2e1 uid://A001/X147/X2e0 uid://A002/X9a5759/X168b 2013.1.00530.S
587727944562573646 0.078636 10.8087 2.92568 131.11844416666668 2.115935 2.4725690738360036 25.229200759357266 40 0 0 2013 HOT2_EI_CII_G09.v2.77 uid://A001/X147/X2e5 uid://A001/X147/X2e4 uid://A002/X9a5759/X13e6 2013.1.00530.S
587727944563687568 0.058314 11.0363 3.85197 133.70935375 2.2022919444444464 2.481778879712438 26.14020296110458 40 0 0 2013 HOT2_EI_CII_G09.v2.38 uid://A001/X147/X2e5 uid://A001/X147/X2e4 uid://A002/X9a5759/X13e6 2013.1.00530.S
587727944570830951 0.103832 10.5703 1.60529 149.9458333333292 2.811388888889507 0.9375460291998228 15.509233986073422 60 0 2 2021 COSMOSVLA3_225 uid://A001/X1590/X632 uid://A001/X1590/X631 uid://A002/Xfa2f45/X8ef2 2021.1.01467.S
587727944034091239 0.122821 10.7209 1.5213 150.38192916665602 2.4323761111118007 1.764940008555659 24.44965268436221 56 0 4 2018 COSMOS-1200839 uid://A001/X133d/X4226 uid://A001/X133d/X4225 uid://A002/Xd9668b/Xaccf 2018.1.01852.S
587727944034091201 0.122951 10.6675 2.44488 150.3354999999882 2.3047222222228725 1.7677581418437172 24.615366841446882 56 0 4 2018 COSMOS-1197519 uid://A001/X133d/X4226 uid://A001/X133d/X4225 uid://A002/Xd9668b/Xaccf 2018.1.01852.S
587727944034091092 0.121664 10.9472 2.53404 150.31969166665567 2.2866666666673097 1.765592136141363 24.503734255085103 56 0 4 2018 COSMOS-0969208 uid://A001/X133d/X4226 uid://A001/X133d/X4225 uid://A002/Xd9668b/Xaccf 2018.1.01852.S
587741722823688237 0.025179 10.5381 7.53263 194.73313916665907 27.83344444444464 1.7421968362246627 21.999412136799833 45 0 0 2017 8950-12705 uid://A001/X1288/Xf0d uid://A001/X1288/Xf0c uid://A002/Xd0e450/X8fd1 2017.1.01093.S
587741721750143182 0.078122 10.9342 4.51606 195.25349579996595 27.02533890000439 1.5016009540099335 16.68598794738649 41 0 0 2015 2MASXJ13010083+2701312 uid://A001/X2fa/X47 uid://A001/X2fa/X46 uid://A002/Xb28642/X9da6 2015.1.00320.S
587741721753354398 0.036883 11.021 6.16032 203.38749580005148 26.271966700012122 1.3923183046453353 15.300799519047775 41 0 0 2015 2MASXJ13333299+2616190 uid://A001/X2fa/X33 uid://A001/X2fa/X32 uid://A002/Xb28642/Xab44 2015.1.00320.S
587725075528417541 0.054456 10.7303 2.4098 138.02437083331125 0.4488916666667815 1.5799176708338407 15.572863847177318 45 0 0 2016 1J091205.8+002656 uid://A001/X87d/Xbd1 uid://A001/X87d/Xbd0 uid://A002/Xbc0724/X1574 2016.1.00329.S
587725041966972957 0.044741 10.9026 6.53679 170.89666666671502 -1.565725000000736 2.586021482974041 25.57984177857394 44 0 1 2021 470573 uid://A001/X15a2/X73a uid://A001/X15a2/X739 uid://A002/Xf702a4/X2285 2021.1.01089.S
587725074990235725 0.053856 10.876 2.69035 135.02078333333336 0.07966111111111111 2.3460163351236867 23.48507601410248 40 0 0 2013 HOT2_EI_CII_G09.v2.55 uid://A001/X147/X2e1 uid://A001/X147/X2e0 uid://A002/X9a5759/X168b 2013.1.00530.S
587725075528417541 0.054456 10.7303 2.4098 138.024275 0.44876666666666665 2.345097635735266 23.626758812973744 40 0 0 2013 HOT2_EI_CII_G09.v2.42 uid://A001/X147/X2e1 uid://A001/X147/X2e0 uid://A002/X9a5759/X168b 2013.1.00530.S
587725073918722287 0.070227 10.9366 4.24396 140.06083333333333 -0.7244444444444444 2.3897228443720726 22.713229049578732 39 0 0 2013 HATLAS_J092014.6-004328 uid://A001/X147/X2d2 uid://A001/X147/X2d1 uid://A002/X9a24bb/X1bd0 2013.1.00058.S
587725074455724392 0.069251 10.4671 2.17164 140.48541666666668 -0.26055555555555554 2.393529133929275 22.693129495539235 39 0 0 2013 HATLAS_J092156.5-001538 uid://A001/X147/X2d2 uid://A001/X147/X2d1 uid://A002/X9a24bb/X1bd0 2013.1.00058.S
587725073918722357 0.067508 9.94286 1.96788 140.13166666666666 -0.8266666666666667 2.388533607134532 22.69849028657486 39 0 0 2013 HATLAS_J092031.6-004936 uid://A001/X147/X2d2 uid://A001/X147/X2d1 uid://A002/X9a24bb/X1bd0 2013.1.00058.S
587742629067489627 0.037239 10.1245 4.37507 235.81641666668028 11.808083333335253 1.0344033462589979 15.330429314507802 47 0 0 2022 65716 uid://A001/X2f52/X2e6 uid://A001/X2f52/X2e5 uid://A002/X10275c0/X7372 2022.1.00482.S
587742772950335545 0.044556 10.6856 5.91854 185.44462500002123 16.331408333334398 2.9747937744449517 27.504990368030825 42 0 1 2021 242308 uid://A001/X15a2/X75e uid://A001/X15a2/X75d uid://A002/Xf5e73e/X1b06 2021.1.01089.S
587726033339351192 0.065314 10.2395 2.12357 219.00666666663307 2.4925000000004816 1.7290132658723956 19.43419813247321 45 0 0 2017 HATLAS_J143601.6+022933 uid://A001/X1284/X1530 uid://A001/X1284/X152f uid://A002/Xcbdb2a/X3c6c 2017.1.00025.S
587726033335550094 0.251876 11.6911 2.91803 210.25862499998522 2.8786666666702265 2.8058336155776678 27.090228265475307 48 0 0 2018 A1835 uid://A001/X133d/X26c8 uid://A001/X133d/X26c7 uid://A002/Xd8978c/X2bb6 2018.1.00940.S
587726033335550094 0.251876 11.6911 2.91803 210.25862 2.87867 1.3334596157900902 10.534592600672449 17 0 1 2011 Abell 1835 uid://A002/X327408/X22f  uid://A002/X3b3400/X64c 2011.0.00374.S
587726033335550094 0.251876 11.6911 2.91803 210.25862 2.87867 1.3334596157900902 10.534592600672449 17 0 1 2011 Abell 1835 uid://A002/X327408/X22f  uid://A002/X3b3400/X64c 2011.0.00374.S
588848899892773131 0.028563 9.42425 2.9148 134.5233700000067 -0.021145560000018077 1.015647451380748 16.783157803059957 58 0 3 2017 GAMA574200 uid://A001/X1273/X706 uid://A001/X1273/X705 uid://A002/Xca525b/X179 2017.1.00601.S
588848899357147414 0.070138 10.6662 2.94378 137.42 -0.4658333333333333 2.39202115369772 22.761657590330312 39 0 0 2013 HATLAS_J090940.8-002757 uid://A001/X147/X2d2 uid://A001/X147/X2d1 uid://A002/X9a24bb/X1bd0 2013.1.00058.S
588848899895853247 0.070914 9.97046 1.94721 141.56 -0.1288888888888889 2.390921507024016 22.657559119426534 39 0 0 2013 HATLAS_J092614.4-000744 uid://A001/X147/X2d2 uid://A001/X147/X2d1 uid://A002/X9a24bb/X1bd0 2013.1.00058.S
588848899357147464 0.04832 10.5237 1.75604 137.4683416666465 -0.5046444444446558 1.57078649140593 15.522512449989293 45 0 0 2016 9J090952.3-003019 uid://A001/X87d/Xbd1 uid://A001/X87d/Xbd0 uid://A002/Xbc0724/X1574 2016.1.00329.S
588848899357737008 0.054529 9.53656 3.99568 138.7041083333107 -0.5924972222224874 1.5755364569550196 15.496371423686977 45 0 0 2016 2J091448.7-003533 uid://A001/X87d/Xbd1 uid://A001/X87d/Xbd0 uid://A002/Xbc0724/X1574 2016.1.00329.S
587739407337390319 0.022712 9.69184 5.65432 232.64375 25.266944444444444 1.3561595354097609 13.487218421723648 37 0 0 2013 8492 uid://A001/X144/X1d0 uid://A001/X144/X1cf uid://A002/Xa18feb/X135b 2013.1.00115.S
587739647273533569 0.02342 9.82962 5.80309 146.15625 26.190277777777776 1.3179724151589538 12.753397394812504 34 0 0 2013 9658 uid://A001/X144/X1e0 uid://A001/X144/X1df uid://A002/Xa1a7ec/X23a 2013.1.00115.S
587726016160727273 0.190579 11.1695 2.61514 221.32866666666834 2.8367500000005776 1.54415710853255 14.272305421002091 39 0 0 2015 AGC249559 uid://A001/X2fe/X183 uid://A001/X2fe/X182 uid://A002/Xb08ef9/X772e 2015.1.00405.S
587726014550704284 0.069134 10.2772 2.94058 222.55499999996178 1.3569444444448095 1.730653892744349 19.504891143986548 45 0 0 2017 HATLAS_J145013.2+012125 uid://A001/X1284/X1530 uid://A001/X1284/X152f uid://A002/Xcbdb2a/X3c6c 2017.1.00025.S
587726031176138762 0.020905 9.52049 7.15051 182.99781250004335 1.3498277777781746 2.4396727675315315 21.27960444942592 42 0 0 2016 rs0768 uid://A001/X8a9/X60 uid://A001/X8a9/X5f uid://A002/Xbcde4a/X128d 2016.1.00948.S
587726031176138910 0.020376 9.21577 6.49133 183.03839166669226 1.3114816666668638 2.374118317597552 21.981981894300255 47 0 2 2016 rs0769 uid://A001/X8a9/X64 uid://A001/X8a9/X63 uid://A002/Xbd2fbe/X206b 2016.1.00948.S
587726016684228815 0.04861 10.7675 5.65345 190.78899999998652 3.5811861111112058 2.535518933692752 23.498160708512145 45 0 2 2021 136638 uid://A001/X15a2/X761 uid://A001/X15a2/X760 uid://A002/Xf70fbd/X6910 2021.1.01089.S
587726016684359773 0.048019 10.8803 3.57544 190.9844999999854 3.616444444444552 2.5389337578427966 23.50868731387935 45 0 2 2021 122665 uid://A001/X15a2/X761 uid://A001/X15a2/X760 uid://A002/Xf70fbd/X6910 2021.1.01089.S
587726014548476140 0.027137 9.51405 4.91188 217.5201500000391 1.5368456000003519 1.0426829117613328 13.463277325614431 43 0 0 2017 GAMA239376 uid://A001/X1273/X71e uid://A001/X1273/X71d uid://A002/Xca5b1c/X637f 2017.1.00601.S
588017991221379185 0.045122 10.9149 5.79055 192.34316666665052 9.817672222222615 2.626093342967915 24.40079990267986 45 0 2 2021 189167 uid://A001/X15a2/X761 uid://A001/X15a2/X760 uid://A002/Xf70fbd/X6910 2021.1.01089.S
587739380989034622 0.027361 9.74032 2.57418 221.69012499997828 29.176277777779614 1.1248757378895267 15.673993403559868 46 0 0 2022 50031 uid://A001/X2f52/X2e1 uid://A001/X2f52/X2e0 uid://A002/X102b92b/X93ac 2022.1.00482.S
587742550147137777 0.04431 9.63184 10.7391 226.89848333333333 14.548005277777781 2.2926937575372874 22.52359804886977 41 0 3 2015 AGC_9727 uid://A001/X2f7/X369 uid://A001/X2f7/X368 uid://A002/Xaf2188/X12ee 2015.1.00389.S
587739719757922345 0.028214 10.2304 6.79058 204.933975416662 27.77647388888897 2.95496369980915 27.483666133840735 46 0 0 2017 8952-6104 uid://A001/X1288/Xf15 uid://A001/X1288/Xf14 uid://A002/Xcf04b6/Xf64 2017.1.01093.S
587738570322870287 0.042397 11.1013 6.69034 205.59954166666046 14.739141666666747 2.6858937561882303 24.697114468997565 43 0 2 2021 324315 uid://A001/X15a2/X749 uid://A001/X15a2/X748 uid://A002/Xf73568/X66c 2021.1.01089.S
588015510364880957 0.023897 9.76272 5.17223 49.78217315997774 0.955959020000414 2.597496415671294 26.471383276283028 49 0 0 2018 588015510364880957_8082-6103 uid://A001/X133d/Xe8b uid://A001/X133d/Xe8a uid://A002/Xd81670/X836e 2018.1.00541.S
587741421095747619 0.047573 10.7149 4.73577 119.22578959999997 14.641068888888883 2.2605814106927227 21.798800148803583 43 0 3 2015 AGC_174522 uid://A001/X2f7/X349 uid://A001/X2f7/X348 uid://A002/Xaec9ef/Xc9f 2015.1.00389.S
587741421099155681 0.028862 9.77883 4.86483 126.46118926997931 18.16668892000106 1.735290463978373 20.697730765832066 47 0 0 2018 587741421099155681_8241-3703 uid://A001/X133d/Xe7f uid://A001/X133d/Xe7e uid://A002/Xd74c3f/X273f 2018.1.00541.S
587730022252675197 0.048617 10.9238 2.58117 214.90870833331164 6.134802777778236 2.638802236874808 24.369256452312083 45 0 1 2021 29955 uid://A001/X15a2/X74c uid://A001/X15a2/X74b uid://A002/Xf73ead/X11da 2021.1.01089.S
587724232639774853 0.040852 10.5623 7.4104 14.95285002125343 14.723524998739228 1.2271812357059706 15.24182872000739 43 0 0 2021 RFGC229 uid://A001/X159b/X96 uid://A001/X159b/X95 uid://A002/Xf8f6a9/X1ce30 2021.1.00602.S
587724198283247682 0.056669 10.783 4.40456 28.079226000029102 13.634056000002317 2.054793197049332 23.75399991852125 44 0 0 2019 CP_9195_9101 uid://A001/X1465/X3529 uid://A001/X1465/X3528 uid://A002/Xe37224/Xd650 2019.1.00260.S
